dataset,group_by,group_value,group_rows,a,b,valid,pearson,spearman,exact_equal,equal_tolerance_1e8,equal_pct,a_minus_b_mean,a_minus_b_median,a_minus_b_min,a_minus_b_max,a_minus_b_std,a_minus_b_unique
raw,year,2020,15817,start_total_in_credits,start_total_in_courses,15817,0.959690675566289,0.9843931992353916,1944,1944,12.290573433647342,49.86761079850793,43.0,0.0,188.0,41.066551336310425,263
raw,year,2020,15817,start_total_in_credits,total_reg_credits,15817,0.8559648947595806,0.9179488967006602,3783,3783,23.917304166403238,-28.045647088575585,-12.0,-745.0,103.0,47.50050451160475,502
raw,year,2020,15817,start_total_in_credits,total_reg_courses,15817,0.8261523268621248,0.8976437768001699,1906,1906,12.05032559903901,40.22147056964026,32.0,-136.0,182.0,39.97909377836827,374
raw,year,2020,15817,start_total_in_courses,total_reg_credits,15817,0.8188704158847299,0.9074819897842142,1796,1796,11.354871340962255,-77.91325788708352,-65.0,-887.0,23.0,71.42701302586072,593
raw,year,2020,15817,start_total_in_courses,total_reg_courses,15817,0.8631578307116138,0.9171132330346515,3821,3821,24.15755200101157,-9.646140228867674,-4.0,-207.0,35.0,15.761440848842907,158
raw,year,2020,15817,total_reg_credits,total_reg_courses,15817,0.9599256100607806,0.9832508770678573,1789,1789,11.310615160902826,68.26711765821584,59.0,0.0,680.0,59.64330458216078,504
raw,year,2021,19623,start_total_in_credits,start_total_in_courses,19623,0.9643298069042715,0.9888895556182797,3791,3791,19.31916628446211,45.65596493910208,36.0,0.0,188.0,42.75709405233496,271
raw,year,2021,19623,start_total_in_credits,total_reg_credits,19623,0.875606461431443,0.9416453064516469,5942,5942,30.28079294705193,-24.677419354838708,-8.0,-757.0,103.0,46.41896066819735,541
raw,year,2021,19623,start_total_in_credits,total_reg_courses,19623,0.8435120240954797,0.9268594494230498,3717,3717,18.94205778932885,37.176017938133825,27.0,-100.0,190.0,40.844000397440176,388
raw,year,2021,19623,start_total_in_courses,total_reg_credits,19623,0.8464080137656369,0.9338573595030065,3591,3591,18.299954135453294,-70.33338429394078,-50.0,-920.0,24.0,72.93004426598073,647
raw,year,2021,19623,start_total_in_courses,total_reg_courses,19623,0.8789994856818669,0.9399831792864637,6000,6000,30.576364470264483,-8.479947000968252,-3.0,-212.0,35.0,15.542855651236449,159
raw,year,2021,19623,total_reg_credits,total_reg_courses,19623,0.9658151099756994,0.9884305117693294,3583,3583,18.25918564949294,61.85343729297253,46.0,0.0,708.0,61.24491225082024,543
raw,year,2022,19415,start_total_in_credits,start_total_in_courses,19404,0.961276055096441,0.9864003850240183,2275,2275,11.724386724386724,50.77082044939188,43.0,0.0,187.0,42.53611102401324,272
raw,year,2022,19415,start_total_in_credits,total_reg_credits,19404,0.863116825712164,0.9201153536142808,4348,4348,22.40775097917955,-27.049216656359512,-11.0,-757.0,100.0,46.72328985063534,530
raw,year,2022,19415,start_total_in_credits,total_reg_courses,19404,0.8215789073934302,0.9037730476930492,2072,2072,10.678210678210679,41.500979179550605,33.0,-130.0,192.0,41.44542947363139,396
raw,year,2022,19415,start_total_in_courses,total_reg_credits,19404,0.8325258541321863,0.9103821589306921,1964,1964,10.121624407338693,-77.8200371057514,-60.0,-922.0,22.0,71.80530451082316,676
raw,year,2022,19415,start_total_in_courses,total_reg_courses,19404,0.8614456702788967,0.9187185054365026,4504,4504,23.21170892599464,-9.26984126984127,-4.0,-212.0,33.0,15.858785018535947,163
raw,year,2022,19415,total_reg_credits,total_reg_courses,19404,0.9628847313473881,0.9867096438701951,1956,1956,10.08039579468151,68.55019583591012,55.0,0.0,710.0,60.14696889966387,551
raw,year,2023,19425,start_total_in_credits,start_total_in_courses,19425,0.9575772993034262,0.9840474285452535,1564,1564,8.051480051480052,54.8230888030888,48.0,0.0,188.0,42.313149981789046,276
raw,year,2023,19425,start_total_in_credits,total_reg_credits,19425,0.8560596579603899,0.9154740599895536,4177,4177,21.503217503217503,-26.70939510939511,-11.0,-769.0,88.0,46.78522706968661,542
raw,year,2023,19425,start_total_in_credits,total_reg_courses,19425,0.8085335260251678,0.8939705766340462,1482,1482,7.629343629343629,45.69685971685972,39.0,-115.0,188.0,41.68351971607785,381
raw,year,2023,19425,start_total_in_courses,total_reg_credits,19425,0.8212110545381626,0.9046619697782797,1367,1367,7.037323037323037,-81.53248391248391,-66.0,-934.0,17.0,71.10964998491197,677
raw,year,2023,19425,start_total_in_courses,total_reg_courses,19425,0.8505960666943467,0.9121475202316914,4372,4372,22.507078507078507,-9.126229086229086,-4.0,-216.0,32.0,15.903987055993602,159
raw,year,2023,19425,total_reg_credits,total_reg_courses,19425,0.9599699387637907,0.984373543338384,1364,1364,7.021879021879022,72.40625482625482,61.0,0.0,718.0,59.58300567253349,565
raw,year,2024,18461,start_total_in_credits,start_total_in_courses,18461,0.9588496920228667,0.9837307302164268,1467,1467,7.946481772385027,56.27222252315693,51.0,0.0,189.0,41.754173532134054,273
raw,year,2024,18461,start_total_in_credits,total_reg_credits,18461,0.8503903067325275,0.9108588138679912,4310,4310,23.34651427333297,-26.362006391853097,-10.0,-732.0,86.0,46.89685739521685,546
raw,year,2024,18461,start_total_in_credits,total_reg_courses,18461,0.8035980704788981,0.8869339039995311,1401,1401,7.588971344997562,47.31398624126537,41.0,-97.0,177.0,41.44296308168424,379
raw,year,2024,18461,start_total_in_courses,total_reg_credits,18461,0.8161946873035949,0.9002016771281894,1324,1324,7.171875846378853,-82.63422891501003,-70.0,-892.5,22.0,70.38016750741703,692
raw,year,2024,18461,start_total_in_courses,total_reg_courses,18461,0.8436638779137007,0.907002712325612,4479,4479,24.261957640431177,-8.958236281891555,-3.0,-191.0,32.0,15.991707629334991,154
raw,year,2024,18461,total_reg_credits,total_reg_courses,18461,0.961530429277967,0.9826258663205453,1308,1308,7.085206651860679,73.67599263311847,65.0,0.0,716.5,58.81947642700566,562
raw,degree_id,1.111,16081,start_total_in_credits,start_total_in_courses,16081,0.9981133150870836,0.99883004400057,722,722,4.489770536658168,56.41558360798458,59.0,0.0,106.0,29.337709902277464,107
raw,degree_id,1.111,16081,start_total_in_credits,total_reg_credits,16081,0.7968209806951349,0.8463051094261338,3717,3717,23.11423418941608,-27.237733971767923,-7.0,-335.0,83.0,46.90424387485382,325
raw,degree_id,1.111,16081,start_total_in_credits,total_reg_courses,16081,0.8125551839589625,0.8636172412241627,716,716,4.452459424165164,44.967725887693554,46.0,-130.0,137.0,31.738832652098164,200
raw,degree_id,1.111,16081,start_total_in_courses,total_reg_credits,16081,0.7935181561099363,0.8436838410177703,668,668,4.153970524221131,-83.6533175797525,-75.0,-429.0,24.0,59.8134123242841,371
raw,degree_id,1.111,16081,start_total_in_courses,total_reg_courses,16081,0.8121223356907044,0.8627546771851093,3793,3793,23.586841614327465,-11.447857720291026,-3.0,-144.0,35.0,19.676333943506144,163
raw,degree_id,1.111,16081,total_reg_credits,total_reg_courses,16081,0.996971346563816,0.9976663085358437,659,659,4.0980038554816245,72.20545985946147,71.0,0.0,294.0,43.43797485199796,252
raw,degree_id,10.111,911,start_total_in_credits,start_total_in_courses,911,0.9983030351686795,0.9995431480668759,71,71,7.793633369923161,34.3205268935236,32.0,0.0,83.0,22.62844670236202,84
raw,degree_id,10.111,911,start_total_in_credits,total_reg_credits,911,0.9041261484203537,0.9307550348680143,175,175,19.209659714599344,-17.591657519209658,-10.0,-120.0,33.0,22.15048672590889,88
raw,degree_id,10.111,911,start_total_in_credits,total_reg_courses,911,0.8935232582783373,0.9219943568823674,80,80,8.781558726673985,27.20965971459934,24.0,-20.0,96.0,21.37352154117079,96
raw,degree_id,10.111,911,start_total_in_courses,total_reg_credits,911,0.9017185372870403,0.9279186970202586,71,71,7.793633369923161,-51.91218441273326,-49.0,-202.0,0.0,36.73266915492359,141
raw,degree_id,10.111,911,start_total_in_courses,total_reg_courses,911,0.8937199447709692,0.9197010038983087,175,175,19.209659714599344,-7.110867178924259,-4.0,-48.0,15.0,8.88682210069337,48
raw,degree_id,10.111,911,total_reg_credits,total_reg_courses,911,0.9979019014062703,0.9986907490109173,71,71,7.793633369923161,44.801317233809,42.0,0.0,154.0,30.032126359077605,116
raw,degree_id,11.111,2508,start_total_in_credits,start_total_in_courses,2508,0.9982986635075879,0.9995205028077045,182,182,7.256778309409888,35.42344497607655,32.0,0.0,85.0,23.941678084785938,86
raw,degree_id,11.111,2508,start_total_in_credits,total_reg_credits,2508,0.8958305118404326,0.9342734579379985,333,333,13.277511961722489,-18.2707336523126,-12.0,-230.0,28.0,22.939082469169406,125
raw,degree_id,11.111,2508,start_total_in_credits,total_reg_courses,2508,0.8773701244945392,0.9206901846854442,204,204,8.133971291866029,27.776315789473685,24.0,-25.0,92.0,23.31990383987197,104
raw,degree_id,11.111,2508,start_total_in_courses,total_reg_credits,2508,0.8949887527724607,0.932048144973067,181,181,7.216905901116427,-53.69417862838915,-51.0,-311.0,5.0,37.397254191507294,171
raw,degree_id,11.111,2508,start_total_in_courses,total_reg_courses,2508,0.8793460130583539,0.9190109754112938,344,344,13.716108452950559,-7.6471291866028706,-5.0,-93.0,12.0,9.436807426018046,70
raw,degree_id,11.111,2508,total_reg_credits,total_reg_courses,2508,0.997558027537259,0.9981789183559084,180,180,7.177033492822966,46.047049441786285,44.0,0.0,218.0,30.61761831564703,136
raw,degree_id,13.111,14614,start_total_in_credits,start_total_in_courses,14614,0.9991716223475027,0.9992448789668791,644,644,4.406733269467634,57.26830436567675,58.0,0.0,110.0,31.591810567639833,111
raw,degree_id,13.111,14614,start_total_in_credits,total_reg_credits,14614,0.7702444977745723,0.8050926154833167,2643,2643,18.085397563979747,-41.50725331873546,-21.0,-454.0,38.0,53.105918735538815,307
raw,degree_id,13.111,14614,start_total_in_credits,total_reg_courses,14614,0.7714036485131823,0.8010118273758908,641,641,4.38620500889558,42.229095387984124,42.0,-100.0,120.0,33.48096199583426,189
raw,degree_id,13.111,14614,start_total_in_courses,total_reg_credits,14614,0.7756340675915749,0.8095751246098443,582,582,3.982482550978514,-98.7755576844122,-90.0,-559.0,9.0,67.45853892609884,368
raw,degree_id,13.111,14614,start_total_in_courses,total_reg_courses,14614,0.7778458856529279,0.8063569227492305,2680,2680,18.338579444368413,-15.039208977692624,-8.0,-143.0,15.0,19.27121246845931,129
raw,degree_id,13.111,14614,total_reg_credits,total_reg_courses,14614,0.9978971700948087,0.9988868230465333,578,578,3.955111536882441,83.73634870671958,81.0,0.0,426.0,51.33611575072057,277
raw,degree_id,2.111,18544,start_total_in_credits,start_total_in_courses,18544,0.9967851549159525,0.9987141391332688,832,832,4.486626402070751,91.13141716997411,88.5,0.0,189.0,52.38116121855611,292
raw,degree_id,2.111,18544,start_total_in_credits,total_reg_credits,18544,0.80606825270384,0.8898288443809163,3167,3167,17.078300258843832,-35.89678602243313,-13.0,-769.0,103.0,67.37202058384366,731
raw,degree_id,2.111,18544,start_total_in_credits,total_reg_courses,18544,0.7965354769839531,0.8764360825703994,793,793,4.276315789473684,81.62683347713546,80.5,-136.0,192.0,50.86470305541332,435
raw,degree_id,2.111,18544,start_total_in_courses,total_reg_credits,18544,0.8029552111920379,0.8886208324775235,761,761,4.103753235547886,-127.02820319240725,-114.5,-934.0,11.0,95.50231523568795,933
raw,degree_id,2.111,18544,start_total_in_courses,total_reg_courses,18544,0.7971864422606424,0.8767182785036256,3280,3280,17.687661777394307,-9.504583692838654,-4.0,-216.0,32.0,18.344944836261234,188
raw,degree_id,2.111,18544,total_reg_credits,total_reg_courses,18544,0.9966721830505861,0.9978808705077907,758,758,4.087575496117343,117.5236194995686,109.0,0.0,718.0,80.66042456337328,770
raw,degree_id,20.111,380,start_total_in_credits,start_total_in_courses,380,0.9970746759990484,0.9963069419606411,1,1,0.2631578947368421,86.11842105263158,92.0,0.0,116.0,24.237701015868808,84
raw,degree_id,20.111,380,start_total_in_credits,total_reg_credits,380,0.4081002458381185,0.3864935871037605,2,2,0.5263157894736842,-92.26578947368421,-85.5,-291.0,27.0,58.23639740080675,151
raw,degree_id,20.111,380,start_total_in_credits,total_reg_courses,380,0.3936639029009003,0.37630262342519355,1,1,0.2631578947368421,55.07631578947368,58.0,-18.0,121.0,34.481029423216334,119
raw,degree_id,20.111,380,start_total_in_courses,total_reg_credits,380,0.4226375036555533,0.4003356907699681,0,0,0.0,-178.3842105263158,-169.5,-399.0,-18.0,58.442942999530125,170
raw,degree_id,20.111,380,start_total_in_courses,total_reg_courses,380,0.4110345391840399,0.3923812843120355,2,2,0.5263157894736842,-31.042105263157893,-28.0,-98.0,10.0,20.07540707360497,77
raw,degree_id,20.111,380,total_reg_credits,total_reg_courses,380,0.9962503944634817,0.9965579527275789,0,0,0.0,147.3421052631579,141.0,12.0,301.0,41.072801261561644,141
raw,degree_id,21.111,1037,start_total_in_credits,start_total_in_courses,1037,0.9970532450792594,0.998632611804505,441,441,42.52651880424301,7.778206364513018,5.0,0.0,44.0,9.366362814786859,41
raw,degree_id,21.111,1037,start_total_in_credits,total_reg_credits,1037,0.7551226222463251,0.813942358083158,550,550,53.03760848601736,-8.076181292189007,0.0,-78.0,16.0,12.932068639742395,66
raw,degree_id,21.111,1037,start_total_in_credits,total_reg_courses,1037,0.7501445981626297,0.803513484488869,355,355,34.23336547733848,5.1697203471552555,0.0,-20.0,44.0,9.980489133239274,56
raw,degree_id,21.111,1037,start_total_in_courses,total_reg_credits,1037,0.7568426552921708,0.8130029961379596,343,343,33.076181292189005,-15.854387656702025,-12.0,-88.0,0.0,16.541366553804973,68
raw,degree_id,21.111,1037,start_total_in_courses,total_reg_courses,1037,0.7553609259614993,0.8053600627780506,551,551,53.13404050144648,-2.608486017357763,0.0,-24.0,6.0,4.169553799059348,27
raw,degree_id,21.111,1037,total_reg_credits,total_reg_courses,1037,0.9978977038641743,0.9952218810323357,343,343,33.076181292189005,13.245901639344263,11.0,0.0,67.0,13.33914229853577,52
raw,degree_id,22.111,1579,start_total_in_credits,start_total_in_courses,1579,0.9982437526281457,0.9986952169258841,395,395,25.015832805573147,8.163394553514882,6.0,0.0,40.0,7.914060108759939,37
raw,degree_id,22.111,1579,start_total_in_credits,total_reg_credits,1579,0.8008696685350128,0.85933802367607,310,310,19.632678910702978,-25.820139328689045,-18.0,-210.0,0.0,25.912166639538786,102
raw,degree_id,22.111,1579,start_total_in_credits,total_reg_courses,1579,0.8048959915083091,0.8590040197963008,339,339,21.469284357188094,-2.767574414186194,-1.0,-79.0,31.0,8.901933677592611,63
raw,degree_id,22.111,1579,start_total_in_courses,total_reg_credits,1579,0.8001380981492401,0.8576310800163127,291,291,18.429385687143764,-33.98353388220393,-26.0,-213.0,0.0,31.122672892690062,120
raw,degree_id,22.111,1579,start_total_in_courses,total_reg_courses,1579,0.8053555317038116,0.8581768097724478,310,310,19.632678910702978,-10.930968967701077,-8.0,-82.0,0.0,10.710012006157612,53
raw,degree_id,22.111,1579,total_reg_credits,total_reg_courses,1579,0.9981243714391609,0.9983807978448132,291,291,18.429385687143764,23.05256491450285,18.0,0.0,133.0,20.78297290288222,83
raw,degree_id,24.111,5253,start_total_in_credits,start_total_in_courses,5253,0.9994801575862586,0.9995935738540682,658,658,12.52617551875119,42.35198933942509,37.0,0.0,119.0,33.11413762094931,120
raw,degree_id,24.111,5253,start_total_in_credits,total_reg_credits,5253,0.8633143935772796,0.88682211041748,870,870,16.56196459166191,-21.6946506758043,-16.0,-146.0,90.0,30.46454314649906,196
raw,degree_id,24.111,5253,start_total_in_credits,total_reg_courses,5253,0.8564126979713698,0.8821424982643447,612,612,11.650485436893204,35.107176851323054,28.0,-27.0,145.0,34.02932816062269,163
raw,degree_id,24.111,5253,start_total_in_courses,total_reg_credits,5253,0.8631572203190256,0.8855733918069784,568,568,10.812868836855131,-64.04664001522939,-59.0,-243.0,18.0,46.664228112121684,228
raw,degree_id,24.111,5253,start_total_in_courses,total_reg_courses,5253,0.8569008257415451,0.8813386588984564,874,874,16.638111555301734,-7.244812488102037,-5.0,-51.0,30.0,10.402643813621655,79
raw,degree_id,24.111,5253,total_reg_credits,total_reg_courses,5253,0.9992999491152815,0.999371313805501,566,566,10.774795355035218,56.80182752712736,53.0,0.0,200.0,40.07825243272066,178
raw,degree_id,26.111,1970,start_total_in_credits,start_total_in_courses,1970,0.9996020444200687,0.999585947823841,175,175,8.883248730964468,39.91878172588832,38.0,0.0,111.0,27.055902148602055,112
raw,degree_id,26.111,1970,start_total_in_credits,total_reg_credits,1970,0.8683803364445017,0.8685509991123593,185,185,9.390862944162437,-20.702030456852793,-14.0,-141.0,23.0,22.572585833772866,121
raw,degree_id,26.111,1970,start_total_in_credits,total_reg_courses,1970,0.8790211609264241,0.8782718046782265,116,116,5.888324873096447,33.86751269035533,33.0,-38.0,117.0,29.187824715734752,146
raw,degree_id,26.111,1970,start_total_in_courses,total_reg_credits,1970,0.8684083489939048,0.8682994599838487,107,107,5.431472081218274,-60.62081218274112,-60.0,-182.0,1.0,33.20025383331428,152
raw,degree_id,26.111,1970,start_total_in_courses,total_reg_courses,1970,0.8794954618468064,0.8785378457878119,398,398,20.20304568527919,-6.051269035532995,-4.0,-46.0,10.0,7.455771802970101,53
raw,degree_id,26.111,1970,total_reg_credits,total_reg_courses,1970,0.998789905526721,0.9986770708124264,107,107,5.431472081218274,54.56954314720812,54.0,0.0,156.0,29.78540970133021,129
raw,degree_id,27.111,1071,start_total_in_credits,start_total_in_courses,1071,0.9994609598785418,0.99950027586047,147,147,13.725490196078432,34.76377217553688,33.0,0.0,106.0,26.034040160255657,99
raw,degree_id,27.111,1071,start_total_in_credits,total_reg_credits,1071,0.8827608410796103,0.8947112004572852,188,188,17.553688141923434,-19.42110177404295,-12.0,-129.0,13.0,21.84664227285382,99
raw,degree_id,27.111,1071,start_total_in_credits,total_reg_courses,1071,0.8921726535611112,0.9025338280976535,109,109,10.177404295051353,29.007469654528478,27.0,-30.0,106.0,27.052319337448562,121
raw,degree_id,27.111,1071,start_total_in_courses,total_reg_credits,1071,0.8850131284181404,0.8965360252250871,109,109,10.177404295051353,-54.18487394957983,-53.0,-180.0,0.0,34.577900604882096,140
raw,degree_id,27.111,1071,start_total_in_courses,total_reg_courses,1071,0.8949171711734737,0.9048160504389076,272,272,25.396825396825395,-5.756302521008403,-3.0,-42.0,5.0,7.038040492880354,42
raw,degree_id,27.111,1071,total_reg_credits,total_reg_courses,1071,0.9988245457378679,0.9986274443919747,109,109,10.177404295051353,48.42857142857143,47.0,0.0,147.0,30.720754434160717,118
raw,degree_id,29.111,1218,start_total_in_credits,start_total_in_courses,1218,0.9993745674064125,0.9993841460084205,139,139,11.412151067323482,33.97536945812808,31.0,0.0,111.0,25.56817398685278,103
raw,degree_id,29.111,1218,start_total_in_credits,total_reg_credits,1218,0.8240533094586827,0.852575838786051,196,196,16.091954022988507,-21.76929392446634,-14.0,-211.0,24.0,27.478118157539168,121
raw,degree_id,29.111,1218,start_total_in_credits,total_reg_courses,1218,0.8307591008179436,0.8594081732758716,111,111,9.113300492610838,27.29310344827586,24.0,-50.0,112.0,27.373138505522807,137
raw,degree_id,29.111,1218,start_total_in_courses,total_reg_credits,1218,0.8283724935187622,0.8559471635882784,106,106,8.70279146141215,-55.74466338259442,-53.0,-253.0,1.0,37.764281993763746,160
raw,degree_id,29.111,1218,start_total_in_courses,total_reg_courses,1218,0.8355763603909766,0.8632679130079662,233,233,19.129720853858785,-6.682266009852217,-4.0,-70.0,9.0,9.068353459507831,52
raw,degree_id,29.111,1218,total_reg_credits,total_reg_courses,1218,0.9988831562152181,0.9986565646043064,105,105,8.620689655172415,49.0623973727422,46.0,0.0,183.0,32.02052620489729,126
raw,degree_id,3.111,6328,start_total_in_credits,start_total_in_courses,6328,0.9994303480675137,0.9995291177641527,336,336,5.3097345132743365,51.64396333754741,50.0,0.0,113.0,31.49186324296471,114
raw,degree_id,3.111,6328,start_total_in_credits,total_reg_credits,6328,0.8808310256379083,0.8970143010160179,1029,1029,16.261061946902654,-23.829329962073324,-15.0,-183.0,72.0,28.68769194986434,192
raw,degree_id,3.111,6328,start_total_in_credits,total_reg_courses,6328,0.8881474999268006,0.904497226947574,345,345,5.451959544879899,43.8588811630847,41.0,-27.0,126.0,31.27631935669157,143
raw,degree_id,3.111,6328,start_total_in_courses,total_reg_credits,6328,0.8820657280049724,0.8995252635536849,308,308,4.867256637168142,-75.47329329962074,-74.0,-273.0,15.0,45.911266535629196,239
raw,degree_id,3.111,6328,start_total_in_courses,total_reg_courses,6328,0.8900128286953854,0.9073383845480801,1028,1028,16.24525916561315,-7.785082174462706,-5.0,-61.0,25.0,9.441523182510888,78
raw,degree_id,3.111,6328,total_reg_credits,total_reg_courses,6328,0.9990461325827614,0.9991991422622402,306,306,4.835651074589128,67.68821112515803,68.0,0.0,213.0,39.4231598019933,190
raw,degree_id,30.111,575,start_total_in_credits,start_total_in_courses,575,0.9994564508359418,0.9993658077117717,140,140,24.347826086956523,23.097391304347827,19.0,0.0,107.0,22.434129133471533,86
raw,degree_id,30.111,575,start_total_in_credits,total_reg_credits,575,0.8348333777078537,0.8655160577521626,131,131,22.782608695652172,-21.38608695652174,-12.0,-170.0,34.0,28.751133554252196,103
raw,degree_id,30.111,575,start_total_in_credits,total_reg_courses,575,0.8460853730191953,0.8711414588339218,123,123,21.391304347826086,16.351304347826087,10.0,-53.0,99.0,22.28689387374596,103
raw,degree_id,30.111,575,start_total_in_courses,total_reg_credits,575,0.8355800853413943,0.8654313616062871,118,118,20.52173913043478,-44.48347826086957,-38.0,-229.0,4.0,40.74710808326055,137
raw,degree_id,30.111,575,start_total_in_courses,total_reg_courses,575,0.8469910088525688,0.8711687943335513,149,149,25.91304347826087,-6.746086956521739,-4.0,-57.0,12.0,9.262991507331703,51
raw,degree_id,30.111,575,total_reg_credits,total_reg_courses,575,0.9987898241767306,0.9990549466451221,117,117,20.347826086956523,37.737391304347824,33.0,0.0,187.0,33.51689329338258,112
raw,degree_id,31.111,478,start_total_in_credits,start_total_in_courses,478,0.9992930242534422,0.9995917891675643,153,153,32.00836820083682,16.05857740585774,11.0,0.0,79.0,17.83104727795277,67
raw,degree_id,31.111,478,start_total_in_credits,total_reg_credits,478,0.7574901421440624,0.8586014205786472,137,137,28.661087866108787,-17.282426778242677,-12.0,-119.0,53.0,25.70795798060132,89
raw,degree_id,31.111,478,start_total_in_credits,total_reg_courses,478,0.7664640434770442,0.8621618760390045,132,132,27.615062761506277,10.42050209205021,4.0,-36.0,91.0,19.317738184176907,87
raw,degree_id,31.111,478,start_total_in_courses,total_reg_credits,478,0.7558890346228004,0.8585635553476144,125,125,26.15062761506276,-33.34100418410042,-26.0,-150.0,11.0,32.53108226044166,104
raw,degree_id,31.111,478,start_total_in_courses,total_reg_courses,478,0.7656697546932351,0.8624289658212592,137,137,28.661087866108787,-5.638075313807532,-4.0,-42.0,19.0,8.559128052399773,47
raw,degree_id,31.111,478,total_reg_credits,total_reg_courses,478,0.9987407175686681,0.9994824691519216,125,125,26.15062761506276,27.702928870292887,22.0,0.0,117.0,25.97288603551399,86
raw,degree_id,33.111,153,start_total_in_credits,start_total_in_courses,153,0.999525228360441,0.9993038050459278,19,19,12.418300653594772,25.41830065359477,23.0,0.0,73.0,19.14062034243465,57
raw,degree_id,33.111,153,start_total_in_credits,total_reg_credits,153,0.830758637511182,0.8512830544145276,38,38,24.836601307189543,-14.352941176470589,-9.0,-77.0,12.0,19.20850640383718,40
raw,degree_id,33.111,153,start_total_in_credits,total_reg_courses,153,0.8374443380213775,0.8589771610981058,19,19,12.418300653594772,20.54248366013072,17.0,-20.0,75.0,20.539751871645002,69
raw,degree_id,33.111,153,start_total_in_courses,total_reg_credits,153,0.8330259604964079,0.8541150646269388,18,18,11.76470588235294,-39.77124183006536,-40.0,-122.0,0.0,26.40162892004815,69
raw,degree_id,33.111,153,start_total_in_courses,total_reg_courses,153,0.8403561767102399,0.8627883695554457,42,42,27.450980392156865,-4.875816993464053,-3.0,-26.0,4.0,6.567784475274496,25
raw,degree_id,33.111,153,total_reg_credits,total_reg_courses,153,0.999283473992865,0.9985669399337184,18,18,11.76470588235294,34.89542483660131,34.0,0.0,96.0,22.373375683085563,58
raw,degree_id,34.111,451,start_total_in_credits,start_total_in_courses,451,0.9995364894087447,0.9994305319197992,57,57,12.638580931263856,28.172949002217294,26.0,0.0,82.0,19.93592569418486,75
raw,degree_id,34.111,451,start_total_in_credits,total_reg_credits,451,0.922095847727785,0.9284075005734972,143,143,31.70731707317073,-8.747228381374724,-6.0,-53.0,44.0,13.147469890563794,42
raw,degree_id,34.111,451,start_total_in_credits,total_reg_courses,451,0.9229345468261058,0.9300692892653487,57,57,12.638580931263856,25.16629711751663,23.0,-12.0,90.0,20.264941139053494,83
raw,degree_id,34.111,451,start_total_in_courses,total_reg_credits,451,0.9222349254214044,0.927744594547495,55,55,12.195121951219512,-36.92017738359202,-35.0,-105.0,8.0,24.341328658422775,83
raw,degree_id,34.111,451,start_total_in_courses,total_reg_courses,451,0.9239230605894528,0.9305302470692695,143,143,31.70731707317073,-3.0066518847006654,-2.0,-18.0,16.0,4.561427662560118,21
raw,degree_id,34.111,451,total_reg_credits,total_reg_courses,451,0.9992802020782794,0.9986923846399638,55,55,12.195121951219512,33.91352549889135,33.0,0.0,96.0,22.046396908663972,73
raw,degree_id,35.111,156,start_total_in_credits,start_total_in_courses,156,0.9994804284463644,0.9993739672410269,20,20,12.82051282051282,23.673076923076923,23.0,0.0,73.0,17.517240709779816,55
raw,degree_id,35.111,156,start_total_in_credits,total_reg_credits,156,0.9383817437679745,0.9474122006278245,35,35,22.435897435897438,-13.16025641025641,-12.0,-44.0,0.0,11.522486735899978,27
raw,degree_id,35.111,156,start_total_in_credits,total_reg_courses,156,0.9409184802913355,0.9475685392501207,24,24,15.384615384615385,19.192307692307693,18.0,-8.0,71.0,16.91882531749972,55
raw,degree_id,35.111,156,start_total_in_courses,total_reg_credits,156,0.9396991459482472,0.9493559079553902,19,19,12.179487179487179,-36.833333333333336,-37.0,-86.0,0.0,23.347814246895297,60
raw,degree_id,35.111,156,start_total_in_courses,total_reg_courses,156,0.9431077477550506,0.950680744130634,35,35,22.435897435897438,-4.480769230769231,-4.0,-15.0,0.0,3.9094115617705447,16
raw,degree_id,35.111,156,total_reg_credits,total_reg_courses,156,0.9994053657830445,0.9987127147362799,19,19,12.179487179487179,32.3525641025641,31.0,0.0,78.0,20.84529945843891,54
raw,degree_id,36.111,433,start_total_in_credits,start_total_in_courses,433,0.9995880682932163,0.9994854603355675,59,59,13.625866050808314,26.31177829099307,24.0,0.0,79.0,18.729118615110522,70
raw,degree_id,36.111,433,start_total_in_credits,total_reg_credits,433,0.9311255578547767,0.9341275604898835,139,139,32.10161662817552,-7.436489607390301,-3.0,-46.0,37.0,11.541441380092007,42
raw,degree_id,36.111,433,start_total_in_credits,total_reg_courses,433,0.9321016847391471,0.9371581838008828,62,62,14.318706697459586,23.732101616628174,22.0,-6.0,91.0,18.9480847627098,72
raw,degree_id,36.111,433,start_total_in_courses,total_reg_credits,433,0.9314223679265037,0.9347877469252986,58,58,13.394919168591224,-33.748267898383375,-33.0,-86.0,4.0,22.428877364169463,77
raw,degree_id,36.111,433,start_total_in_courses,total_reg_courses,433,0.9330447081000177,0.9386764176558375,139,139,32.10161662817552,-2.579676674364896,-1.0,-16.0,13.0,4.021787064417365,21
raw,degree_id,36.111,433,total_reg_credits,total_reg_courses,433,0.9994642997049523,0.9990383713792328,58,58,13.394919168591224,31.168591224018474,30.0,0.0,80.0,20.461384861843047,64
raw,degree_id,37.111,120,start_total_in_credits,start_total_in_courses,120,0.999471617201598,0.9993607088459215,16,16,13.333333333333334,27.75,28.0,0.0,75.0,18.278540478298773,48
raw,degree_id,37.111,120,start_total_in_credits,total_reg_credits,120,0.9568686907941892,0.9604222835120119,34,34,28.333333333333332,-7.4,-3.0,-39.0,9.0,9.90492619988711,26
raw,degree_id,37.111,120,start_total_in_credits,total_reg_courses,120,0.9584613614697248,0.9622853806644378,15,15,12.5,25.233333333333334,25.0,-6.0,74.0,17.594753483355657,48
raw,degree_id,37.111,120,start_total_in_courses,total_reg_credits,120,0.9573538370626995,0.9610153466982563,15,15,12.5,-35.15,-34.5,-90.0,0.0,23.187815548601517,56
raw,degree_id,37.111,120,start_total_in_courses,total_reg_courses,120,0.9599260812934719,0.9638294428286283,34,34,28.333333333333332,-2.5166666666666666,-1.0,-13.0,3.0,3.368123765998101,15
raw,degree_id,37.111,120,total_reg_credits,total_reg_courses,120,0.9994113716358632,0.999202345165555,15,15,12.5,32.63333333333333,33.0,0.0,77.0,21.13022182822045,51
raw,degree_id,39.111,662,start_total_in_credits,start_total_in_courses,662,0.9992092169402607,0.9997593992985141,370,370,55.89123867069487,5.232628398791541,0.0,0.0,41.0,7.771527149205702,36
raw,degree_id,39.111,662,start_total_in_credits,total_reg_credits,662,0.8774374628622748,0.9330565874870241,347,347,52.416918429003026,-11.776435045317221,0.0,-70.0,0.0,15.820232186180775,54
raw,degree_id,39.111,662,start_total_in_credits,total_reg_courses,662,0.8813694452302651,0.933779878196794,363,363,54.833836858006045,1.2145015105740182,0.0,-17.0,31.0,5.908472439990544,42
raw,degree_id,39.111,662,start_total_in_courses,total_reg_credits,662,0.8759873517093374,0.9330760451333867,339,339,51.20845921450151,-17.00906344410876,0.0,-93.0,0.0,21.665799705584476,72
raw,degree_id,39.111,662,start_total_in_courses,total_reg_courses,662,0.880652745513123,0.9341314247752841,347,347,52.416918429003026,-4.018126888217522,0.0,-23.0,0.0,5.411617256171585,23
raw,degree_id,39.111,662,total_reg_credits,total_reg_courses,662,0.9993552661247314,0.9995800900373021,339,339,51.20845921450151,12.990936555891238,0.0,0.0,70.0,16.519458366396748,54
raw,degree_id,4.111,402,start_total_in_credits,start_total_in_courses,402,0.999188347199911,0.9988243638113169,66,66,16.417910447761194,27.885572139303484,21.0,0.0,108.0,27.041518660521852,90
raw,degree_id,4.111,402,start_total_in_credits,total_reg_credits,402,0.9252008240738087,0.9398518611342497,156,156,38.80597014925373,-11.482587064676617,-3.0,-111.0,16.0,20.413577831285405,72
raw,degree_id,4.111,402,start_total_in_credits,total_reg_courses,402,0.9277822225279765,0.9360336999860469,72,72,17.91044776119403,24.19402985074627,17.0,-16.0,105.0,25.702929069897344,92
raw,degree_id,4.111,402,start_total_in_courses,total_reg_credits,402,0.9230571927267031,0.9364414995616326,65,65,16.169154228855724,-39.3681592039801,-25.5,-181.0,5.0,38.67124407487791,114
raw,degree_id,4.111,402,start_total_in_courses,total_reg_courses,402,0.9267615659913345,0.9337437744423479,158,158,39.30348258706468,-3.691542288557214,-1.0,-38.0,7.0,6.814198035885958,34
raw,degree_id,4.111,402,total_reg_credits,total_reg_courses,402,0.9988624196192224,0.9984417546029437,65,65,16.169154228855724,35.67661691542288,23.5,0.0,151.0,33.881705617613406,97
raw,degree_id,40.111,1008,start_total_in_credits,start_total_in_courses,1008,0.9987054124655114,0.9985845537281328,387,387,38.392857142857146,5.912698412698413,4.0,0.0,36.0,6.587152903696763,32
raw,degree_id,40.111,1008,start_total_in_credits,total_reg_credits,1008,0.7734671067887868,0.8026831265196174,387,387,38.392857142857146,-9.97718253968254,-7.0,-69.0,23.0,11.124307782193993,51
raw,degree_id,40.111,1008,start_total_in_credits,total_reg_courses,1008,0.7715543502288459,0.7965981578531386,331,331,32.83730158730159,2.386904761904762,0.0,-21.0,33.0,6.659628561326323,46
raw,degree_id,40.111,1008,start_total_in_courses,total_reg_credits,1008,0.772630625376262,0.8025383386500964,302,302,29.96031746031746,-15.889880952380953,-13.0,-74.0,0.0,14.37664637731297,56
raw,degree_id,40.111,1008,start_total_in_courses,total_reg_courses,1008,0.7721513831869103,0.7986924654210251,388,388,38.492063492063494,-3.5257936507936507,-3.0,-23.0,8.0,3.930039805772288,21
raw,degree_id,40.111,1008,total_reg_credits,total_reg_courses,1008,0.9981815952368945,0.9964381632060936,302,302,29.96031746031746,12.364087301587302,10.0,0.0,56.0,10.977243770398568,42
raw,degree_id,41.111,2215,start_total_in_credits,start_total_in_courses,2215,0.9951890640504121,0.9946613372222142,613,613,27.67494356659142,17.799097065462753,14.0,0.0,136.5,16.809853734129916,79
raw,degree_id,41.111,2215,start_total_in_credits,total_reg_credits,2215,0.8353352972938132,0.9134624828490542,1207,1207,54.49209932279909,-1.4970654627539504,0.0,-360.0,47.0,16.473593483537332,75
raw,degree_id,41.111,2215,start_total_in_credits,total_reg_courses,2215,0.8244271488741841,0.9117477272464573,591,591,26.681715575620768,17.431602708803613,13.0,-115.0,109.5,17.389194796443185,99
raw,degree_id,41.111,2215,start_total_in_courses,total_reg_credits,2215,0.8235222812809847,0.9074132268680783,591,591,26.681715575620768,-19.296162528216705,-13.0,-384.5,5.0,24.13474405380505,81
raw,degree_id,41.111,2215,start_total_in_courses,total_reg_courses,2215,0.8185555444711022,0.9193214545546503,1213,1213,54.762979683972915,-0.3674943566591422,0.0,-115.0,15.0,5.3618335553927805,33
raw,degree_id,41.111,2215,total_reg_credits,total_reg_courses,2215,0.9967773987279844,0.9861040658270218,587,587,26.50112866817156,18.92866817155756,12.0,0.0,299.5,20.64780511761104,70
raw,degree_id,42.111,1770,start_total_in_credits,start_total_in_courses,1770,0.9977703732864635,0.9968976137762705,505,505,28.53107344632768,14.377401129943502,11.0,0.0,61.0,13.461875822015674,58
raw,degree_id,42.111,1770,start_total_in_credits,total_reg_credits,1770,0.8970562040950065,0.9301699636214329,1153,1153,65.14124293785311,-1.1293785310734463,0.0,-105.0,67.0,10.09506459505257,68
raw,degree_id,42.111,1770,start_total_in_credits,total_reg_courses,1770,0.907420540887034,0.9313665910131009,506,506,28.587570621468927,13.992090395480226,10.0,-39.0,81.0,14.739415231654693,81
raw,degree_id,42.111,1770,start_total_in_courses,total_reg_credits,1770,0.8904208269848634,0.9230371563457944,493,493,27.853107344632765,-15.50677966101695,-11.0,-120.0,22.0,15.12937272203193,71
raw,degree_id,42.111,1770,start_total_in_courses,total_reg_courses,1770,0.9046041172072533,0.9327160943261484,1157,1157,65.36723163841808,-0.38531073446327685,0.0,-39.0,30.0,3.7908295879670253,39
raw,degree_id,42.111,1770,total_reg_credits,total_reg_courses,1770,0.9964594804226549,0.9911652969488662,490,490,27.683615819209038,15.121468926553673,11.0,0.0,92.0,13.750684944773438,51
raw,degree_id,44.111,1264,start_total_in_credits,start_total_in_courses,1264,0.998487651895294,0.997269001247502,394,394,31.170886075949365,12.802215189873417,10.0,0.0,65.0,12.964369033922107,61
raw,degree_id,44.111,1264,start_total_in_credits,total_reg_credits,1264,0.8808007608846807,0.906795605037348,764,764,60.44303797468354,-2.026107594936709,0.0,-142.0,53.0,10.14753161227613,62
raw,degree_id,44.111,1264,start_total_in_credits,total_reg_courses,1264,0.8736561550192496,0.9028343300834494,380,380,30.063291139240505,12.106803797468354,10.0,-45.0,77.0,14.687253819970637,78
raw,degree_id,44.111,1264,start_total_in_courses,total_reg_credits,1264,0.8738988980344239,0.8980857760967506,377,377,29.825949367088604,-14.828322784810126,-11.0,-142.0,14.0,14.184335199050995,62
raw,degree_id,44.111,1264,start_total_in_courses,total_reg_courses,1264,0.8680219769098102,0.9005267140984518,767,767,60.68037974683544,-0.6954113924050633,0.0,-45.0,20.0,4.037995844510223,32
raw,degree_id,44.111,1264,total_reg_credits,total_reg_courses,1264,0.9978259671920612,0.992077070524455,375,375,29.667721518987346,14.132911392405063,11.0,0.0,97.0,12.946924691814477,49
raw,degree_id,45.111,485,start_total_in_credits,start_total_in_courses,485,0.9996885743656213,0.9997164023922728,146,146,30.103092783505154,12.03298969072165,10.0,0.0,66.0,12.12107243749568,44
raw,degree_id,45.111,485,start_total_in_credits,total_reg_credits,485,0.8494720687407415,0.8765318392341234,219,219,45.154639175257735,-6.6,-3.0,-48.0,44.0,10.91348396395051,36
raw,degree_id,45.111,485,start_total_in_credits,total_reg_courses,485,0.8519246390213753,0.8784849633123483,137,137,28.24742268041237,9.841237113402062,7.0,-16.0,78.0,12.935214864483516,58
raw,degree_id,45.111,485,start_total_in_courses,total_reg_credits,485,0.8464076862669165,0.8756157641914324,130,130,26.804123711340207,-18.63298969072165,-16.0,-57.0,6.0,15.719695505546015,50
raw,degree_id,45.111,485,start_total_in_courses,total_reg_courses,485,0.8493249942889077,0.8782324002800973,219,219,45.154639175257735,-2.191752577319588,-1.0,-16.0,15.0,3.6807425505975693,24
raw,degree_id,45.111,485,total_reg_credits,total_reg_courses,485,0.9997191177844343,0.9992282036477718,129,129,26.5979381443299,16.44123711340206,12.0,0.0,55.0,13.682163636361519,42
raw,degree_id,46.111,437,start_total_in_credits,start_total_in_courses,437,0.9994627049696928,0.9981462047740136,140,140,32.036613272311214,12.99771167048055,11.0,0.0,56.0,12.693547240252768,46
raw,degree_id,46.111,437,start_total_in_credits,total_reg_credits,437,0.911425350605489,0.926926141965855,266,266,60.86956521739131,-2.2974828375286043,0.0,-36.0,35.0,8.249732721708988,33
raw,degree_id,46.111,437,start_total_in_credits,total_reg_courses,437,0.9134443014087388,0.9299206642828093,135,135,30.892448512585812,12.256292906178489,11.0,-12.0,65.0,13.364104942151378,55
raw,degree_id,46.111,437,start_total_in_courses,total_reg_credits,437,0.9054444112160291,0.921680594069206,134,134,30.663615560640732,-15.295194508009153,-12.0,-60.0,4.0,14.259949038445136,49
raw,degree_id,46.111,437,start_total_in_courses,total_reg_courses,437,0.9081515426511587,0.9280235563161532,266,266,60.86956521739131,-0.7414187643020596,0.0,-12.0,12.0,2.832389790873646,20
raw,degree_id,46.111,437,total_reg_credits,total_reg_courses,437,0.9996171523261019,0.9976395482443693,133,133,30.434782608695656,14.553775743707094,11.0,0.0,55.0,13.196120005066865,38
raw,degree_id,47.111,545,start_total_in_credits,start_total_in_courses,545,0.9995949317038448,0.9991604940632101,171,171,31.376146788990827,12.669724770642201,11.0,0.0,55.0,12.294827228494157,47
raw,degree_id,47.111,545,start_total_in_credits,total_reg_credits,545,0.9192601591730898,0.9263395478258233,332,332,60.91743119266055,-3.8293577981651374,0.0,-45.0,27.0,7.951730559336707,31
raw,degree_id,47.111,545,start_total_in_credits,total_reg_courses,545,0.920862987685308,0.9277436933531242,161,161,29.541284403669728,11.409174311926606,10.0,-13.0,55.0,12.571541897368043,59
raw,degree_id,47.111,545,start_total_in_courses,total_reg_credits,545,0.9175145489244466,0.9239537669486401,157,157,28.807339449541285,-16.49908256880734,-12.0,-57.0,0.0,14.67166696925652,50
raw,degree_id,47.111,545,start_total_in_courses,total_reg_courses,545,0.9196755371426784,0.9273368832306603,334,334,61.284403669724774,-1.2605504587155962,0.0,-15.0,9.0,2.668925839661844,19
raw,degree_id,47.111,545,total_reg_credits,total_reg_courses,545,0.9997085831880336,0.9982312664029217,157,157,28.807339449541285,15.238532110091743,12.0,0.0,55.0,13.40619580927537,44
raw,degree_id,48.111,506,start_total_in_credits,start_total_in_courses,506,0.9995665488708113,0.9994325731555563,157,157,31.027667984189723,12.124505928853756,10.0,0.0,52.0,12.039798370608839,47
raw,degree_id,48.111,506,start_total_in_credits,total_reg_credits,506,0.8655921403839798,0.900972723183233,265,265,52.37154150197628,-5.3438735177865615,0.0,-126.0,30.0,10.595923558390638,38
raw,degree_id,48.111,506,start_total_in_credits,total_reg_courses,506,0.8672583224792828,0.9032878731891544,151,151,29.841897233201582,10.353754940711463,9.0,-42.0,56.0,12.518317498818009,58
raw,degree_id,48.111,506,start_total_in_courses,total_reg_credits,506,0.8636924291907693,0.9003725536895005,146,146,28.85375494071146,-17.468379446640316,-14.0,-126.0,1.0,16.153471506925133,53
raw,degree_id,48.111,506,start_total_in_courses,total_reg_courses,506,0.8659718630536752,0.9039372216290872,265,265,52.37154150197628,-1.7707509881422925,0.0,-42.0,11.0,3.558119181276442,24
raw,degree_id,48.111,506,total_reg_credits,total_reg_courses,506,0.9996828917677658,0.9987160478900458,144,144,28.458498023715418,15.697628458498023,12.0,0.0,84.0,14.04693244791677,42
raw,degree_id,49.111,293,start_total_in_credits,start_total_in_courses,293,0.999657844397723,0.999565051037446,93,93,31.74061433447099,12.174061433447099,10.0,0.0,77.0,13.848757778584751,47
raw,degree_id,49.111,293,start_total_in_credits,total_reg_credits,293,0.7327369164874528,0.792992395124688,126,126,43.003412969283275,-5.802047781569966,0.0,-51.0,52.0,14.868201654866128,34
raw,degree_id,49.111,293,start_total_in_credits,total_reg_courses,293,0.7401883862740829,0.7991624478678029,78,78,26.621160409556317,10.290102389078498,3.0,-10.0,95.0,16.79248255008651,60
raw,degree_id,49.111,293,start_total_in_courses,total_reg_credits,293,0.7272576726037847,0.7918551199684019,76,76,25.938566552901023,-17.976109215017065,-16.0,-61.0,8.0,14.997355105231549,52
raw,degree_id,49.111,293,start_total_in_courses,total_reg_courses,293,0.7351305804398344,0.7987772939886483,128,128,43.68600682593857,-1.8839590443686007,0.0,-17.0,18.0,5.045021487222435,23
raw,degree_id,49.111,293,total_reg_credits,total_reg_courses,293,0.9996762590628553,0.9992463434313178,75,75,25.597269624573375,16.092150170648463,12.0,0.0,53.0,12.85169781777059,37
raw,degree_id,5.111,161,start_total_in_credits,start_total_in_courses,161,0.9995789672613239,0.9991118105939835,24,24,14.906832298136646,39.96894409937888,30.0,0.0,110.0,34.784591121689296,72
raw,degree_id,5.111,161,start_total_in_credits,total_reg_credits,161,0.602643088909012,0.7392253653590571,31,31,19.25465838509317,5.099378881987578,0.0,-155.0,74.0,44.43889132406209,54
raw,degree_id,5.111,161,start_total_in_credits,total_reg_courses,161,0.6314148208728456,0.7464998082122996,22,22,13.664596273291925,42.130434782608695,24.0,-32.0,133.0,44.73884364212807,91
raw,degree_id,5.111,161,start_total_in_courses,total_reg_credits,161,0.6103617212449496,0.7495817178403065,21,21,13.043478260869565,-34.869565217391305,-25.0,-170.0,13.0,37.75217385045241,78
raw,degree_id,5.111,161,start_total_in_courses,total_reg_courses,161,0.6392452533843066,0.7571382515177473,32,32,19.875776397515526,2.1614906832298137,0.0,-47.0,25.0,14.364844508868696,33
raw,degree_id,5.111,161,total_reg_credits,total_reg_courses,161,0.9983880273873142,0.9988112297389958,21,21,13.043478260869565,37.03105590062112,29.0,0.0,123.0,30.68966079159406,66
raw,degree_id,50.111,535,start_total_in_credits,start_total_in_courses,535,0.999470477396274,0.9996563645240469,170,170,31.775700934579437,16.738317757009344,10.0,0.0,106.0,21.16890184691826,77
raw,degree_id,50.111,535,start_total_in_credits,total_reg_credits,535,0.7105224888686964,0.8224976299357148,240,240,44.85981308411215,-0.21495327102803738,0.0,-47.0,86.0,22.28779583980185,73
raw,degree_id,50.111,535,start_total_in_credits,total_reg_courses,535,0.6921706604284987,0.8237134905656721,150,150,28.037383177570092,16.659813084112148,8.0,-12.0,132.0,27.102734427510136,95
raw,degree_id,50.111,535,start_total_in_courses,total_reg_credits,535,0.7172184022738939,0.821966721177634,147,147,27.476635514018692,-16.953271028037385,-15.0,-72.0,17.0,16.056888086135366,67
raw,degree_id,50.111,535,start_total_in_courses,total_reg_courses,535,0.7000267519718919,0.8237891843559634,240,240,44.85981308411215,-0.07850467289719626,0.0,-16.0,29.0,7.497153367861219,40
raw,degree_id,50.111,535,total_reg_credits,total_reg_courses,535,0.9987248279409396,0.9974440874637666,143,143,26.72897196261682,16.87476635514019,12.0,0.0,57.0,14.499813336380477,50
raw,degree_id,53.111,224,start_total_in_credits,start_total_in_courses,224,0.9994018811737779,0.9989812290333163,48,48,21.428571428571427,16.272321428571427,14.5,0.0,55.0,13.0088601046969,47
raw,degree_id,53.111,224,start_total_in_credits,total_reg_credits,224,0.9284207967178753,0.9384729734092054,95,95,42.410714285714285,-4.991071428571429,-3.0,-38.0,32.0,8.482105178782763,26
raw,degree_id,53.111,224,start_total_in_credits,total_reg_courses,224,0.9253695772521772,0.9330223439681496,51,51,22.767857142857142,14.558035714285714,12.0,-5.0,58.0,12.978292593230053,51
raw,degree_id,53.111,224,start_total_in_courses,total_reg_credits,224,0.929812331596191,0.9410640976213748,47,47,20.982142857142858,-21.263392857142858,-21.5,-75.0,0.0,16.4275088959521,51
raw,degree_id,53.111,224,start_total_in_courses,total_reg_courses,224,0.9277206367812177,0.9375236695061033,95,95,42.410714285714285,-1.7142857142857142,-1.0,-13.0,11.0,2.9492830212656678,18
raw,degree_id,53.111,224,total_reg_credits,total_reg_courses,224,0.9993591950020145,0.9982291729792709,47,47,20.982142857142858,19.549107142857142,20.0,0.0,62.0,14.80295992420492,44
raw,degree_id,55.111,251,start_total_in_credits,start_total_in_courses,251,0.9996490738941355,0.9993191003200421,54,54,21.51394422310757,16.62948207171315,13.0,0.0,54.0,13.902595704783955,47
raw,degree_id,55.111,251,start_total_in_credits,total_reg_credits,251,0.9247003780428005,0.9433208094773136,129,129,51.39442231075697,-3.3346613545816735,0.0,-26.0,46.0,8.462124661387385,25
raw,degree_id,55.111,251,start_total_in_credits,total_reg_courses,251,0.9227061934627728,0.9397994826838408,58,58,23.107569721115535,15.44621513944223,11.0,-3.0,69.0,14.464304187119748,54
raw,degree_id,55.111,251,start_total_in_courses,total_reg_credits,251,0.9236444088864402,0.9410645897841419,54,54,21.51394422310757,-19.96414342629482,-21.0,-56.0,5.0,15.647706194945846,50
raw,degree_id,55.111,251,start_total_in_courses,total_reg_courses,251,0.922343495548283,0.9388998440830212,129,129,51.39442231075697,-1.1832669322709164,0.0,-9.0,16.0,2.962140929203429,14
raw,degree_id,55.111,251,total_reg_credits,total_reg_courses,251,0.9994771930453408,0.9985887008077948,54,54,21.51394422310757,18.780876494023904,19.0,0.0,54.0,14.515777375968717,42
raw,degree_id,6.111,1675,start_total_in_credits,start_total_in_courses,1675,0.9993603416711504,0.9993537487358424,39,39,2.328358208955224,61.81134328358209,63.0,0.0,113.0,30.662423585197043,113
raw,degree_id,6.111,1675,start_total_in_credits,total_reg_credits,1675,0.7338423840823902,0.7550220512119364,80,80,4.776119402985075,-43.9844776119403,-34.0,-333.0,63.0,42.78528256390071,183
raw,degree_id,6.111,1675,start_total_in_credits,total_reg_courses,1675,0.7418807326375596,0.7673200224377521,38,38,2.268656716417911,47.41373134328358,49.0,-62.0,121.0,33.82358374435348,157
raw,degree_id,6.111,1675,start_total_in_courses,total_reg_credits,1675,0.7398948112691486,0.7612489924641381,25,25,1.4925373134328357,-105.79582089552238,-103.0,-385.0,0.0,52.318241841241026,237
raw,degree_id,6.111,1675,start_total_in_courses,total_reg_courses,1675,0.7484925070539888,0.7740944033700794,75,75,4.477611940298507,-14.397611940298507,-11.0,-114.0,21.0,14.265681607028771,85
raw,degree_id,6.111,1675,total_reg_credits,total_reg_courses,1675,0.9983002965608232,0.9981047941165454,25,25,1.4925373134328357,91.39820895522388,91.0,0.0,271.0,41.52589405799627,194
raw,degree_id,7.111,1026,start_total_in_credits,start_total_in_courses,1026,0.9983481058590686,0.9995590409004316,94,94,9.161793372319687,28.14132553606238,25.0,0.0,82.0,21.029004541283868,83
raw,degree_id,7.111,1026,start_total_in_credits,total_reg_credits,1026,0.9072087862026101,0.924882732275195,163,163,15.886939571150096,-19.477582846003898,-15.0,-97.0,9.0,18.404081848553375,77
raw,degree_id,7.111,1026,start_total_in_credits,total_reg_courses,1026,0.8900738301462331,0.9142830829044529,109,109,10.623781676413255,20.06140350877193,15.0,-16.0,79.0,20.734115438181856,94
raw,degree_id,7.111,1026,start_total_in_courses,total_reg_credits,1026,0.911524839562721,0.9240375296759452,88,88,8.57699805068226,-47.61890838206628,-46.0,-146.0,0.0,31.024867966974227,123
raw,degree_id,7.111,1026,start_total_in_courses,total_reg_courses,1026,0.8973879642698582,0.9138496675151234,163,163,15.886939571150096,-8.079922027290449,-6.0,-40.0,4.0,7.508788112654638,38
raw,degree_id,7.111,1026,total_reg_credits,total_reg_courses,1026,0.9968392879896325,0.9977790370130586,88,88,8.57699805068226,39.53898635477583,38.0,0.0,114.0,25.998591716941206,97
raw,degree_id,8.111,3043,start_total_in_credits,start_total_in_courses,3043,0.9983173986698944,0.9994789688788057,202,202,6.638186000657247,36.439697666776205,33.0,0.0,84.0,23.92833704587548,85
raw,degree_id,8.111,3043,start_total_in_credits,total_reg_credits,3043,0.8605042122199121,0.9073645765264606,378,378,12.421952021031876,-23.416365428853105,-15.0,-256.0,36.0,28.764553901364856,163
raw,degree_id,8.111,3043,start_total_in_credits,total_reg_courses,3043,0.8399516340293152,0.8894454692291702,231,231,7.591192901741703,26.725928360170883,23.0,-67.0,88.0,23.515332921250188,112
raw,degree_id,8.111,3043,start_total_in_courses,total_reg_credits,3043,0.8608899822694025,0.9061298439423046,190,190,6.243838317449885,-59.85606309562932,-55.0,-309.0,10.0,42.38791522217478,213
raw,degree_id,8.111,3043,start_total_in_courses,total_reg_courses,3043,0.8428992314247283,0.8888380528026578,381,381,12.520538941833717,-9.713769306605323,-7.0,-101.0,14.0,11.715307072856685,77
raw,degree_id,8.111,3043,total_reg_credits,total_reg_courses,3043,0.9976058600673917,0.9979806380626531,189,189,6.210976010515938,50.14229378902399,47.0,0.0,208.0,33.24207125582235,159
raw,degree_id,<NA>,2126,start_total_in_credits,start_total_in_courses,2115,,,2115,2115,100.0,0.0,0.0,0.0,0.0,0.0,1
raw,degree_id,<NA>,2126,start_total_in_credits,total_reg_credits,2115,,,2115,2115,100.0,0.0,0.0,0.0,0.0,0.0,1
raw,degree_id,<NA>,2126,start_total_in_credits,total_reg_courses,2115,,,2115,2115,100.0,0.0,0.0,0.0,0.0,0.0,1
raw,degree_id,<NA>,2126,start_total_in_courses,total_reg_credits,2115,,,2115,2115,100.0,0.0,0.0,0.0,0.0,0.0,1
raw,degree_id,<NA>,2126,start_total_in_courses,total_reg_courses,2115,,,2115,2115,100.0,0.0,0.0,0.0,0.0,0.0,1
raw,degree_id,<NA>,2126,total_reg_credits,total_reg_courses,2115,,,2115,2115,100.0,0.0,0.0,0.0,0.0,0.0,1
raw,progress_quartile,"(-0.001, 26.0]",23540,start_total_in_credits,start_total_in_courses,23540,0.9872651796955423,0.9919332206546634,11041,11041,46.90314358538657,5.077102803738318,3.0,0.0,19.0,5.607376578543526,20
raw,progress_quartile,"(-0.001, 26.0]",23540,start_total_in_credits,total_reg_credits,23540,0.6375073484823988,0.8245564058105098,12969,12969,55.09345794392523,-9.088275276125744,0.0,-476.0,20.0,17.557248054808912,169
raw,progress_quartile,"(-0.001, 26.0]",23540,start_total_in_credits,total_reg_courses,23540,0.6433135579261126,0.8207507267623584,10433,10433,44.320305862361934,1.8371282922684793,0.0,-136.0,24.0,7.103166228458794,85
raw,progress_quartile,"(-0.001, 26.0]",23540,start_total_in_courses,total_reg_credits,23540,0.6404983046760544,0.8222182551052326,10001,10001,42.485131690739166,-14.16537807986406,-10.0,-476.0,5.0,19.874241588062443,159
raw,progress_quartile,"(-0.001, 26.0]",23540,start_total_in_courses,total_reg_courses,23540,0.6633201015287828,0.8323126632115653,12993,12993,55.195412064570945,-3.2399745114698386,0.0,-136.0,9.0,6.226761919290013,78
raw,progress_quartile,"(-0.001, 26.0]",23540,total_reg_credits,total_reg_courses,23540,0.9871353681189254,0.987919657432533,10000,10000,42.480883602378924,10.925403568394223,9.0,0.0,340.0,14.072562054923491,122
raw,progress_quartile,"(125.0, 253.0]",22907,start_total_in_credits,start_total_in_courses,22907,0.3973989626884374,0.5011312242414583,0,0,0.0,110.30870476273628,100.0,71.0,189.0,28.006109900376313,189
raw,progress_quartile,"(125.0, 253.0]",22907,start_total_in_credits,total_reg_credits,22907,0.5233117220493242,0.6128484401547355,2017,2017,8.80516872571703,-44.381957480246214,-24.0,-769.0,103.0,65.3195218394731,764
raw,progress_quartile,"(125.0, 253.0]",22907,start_total_in_credits,total_reg_courses,22907,0.2186666339487991,0.3137248266829242,7,7,0.030558344610817655,95.79916619373991,91.0,-74.0,192.0,34.27512281665077,412
raw,progress_quartile,"(125.0, 253.0]",22907,start_total_in_courses,total_reg_credits,22907,0.21278868806078602,0.319494363838063,1,1,0.004365477801545379,-154.69066224298248,-137.0,-934.0,9.0,74.44186134168443,905
raw,progress_quartile,"(125.0, 253.0]",22907,start_total_in_courses,total_reg_courses,22907,0.5148120045973363,0.6305829259384891,2165,2165,9.451259440345746,-14.509538568996376,-8.0,-216.0,35.0,20.662155686938984,202
raw,progress_quartile,"(125.0, 253.0]",22907,total_reg_credits,total_reg_courses,22907,0.8299823870727795,0.778114222415265,0,0,0.0,140.18112367398612,126.0,26.0,718.0,57.62522893164467,729
raw,progress_quartile,"(26.0, 70.0]",23112,start_total_in_credits,start_total_in_courses,23112,0.9260458428385333,0.9321790568751824,0,0,0.0,30.121365524402908,30.0,15.0,51.0,8.355971048387117,38
raw,progress_quartile,"(26.0, 70.0]",23112,start_total_in_credits,total_reg_credits,23112,0.4062210212286489,0.547982042435016,4596,4596,19.88577362409138,-21.982563170647282,-9.0,-336.0,56.0,36.643930427615544,301
raw,progress_quartile,"(26.0, 70.0]",23112,start_total_in_credits,total_reg_courses,23112,0.3890684525212914,0.5224160260100169,100,100,0.4326756663205262,22.35185185185185,23.0,-97.0,65.0,15.384425636015484,145
raw,progress_quartile,"(26.0, 70.0]",23112,start_total_in_courses,total_reg_credits,23112,0.4054380332029761,0.5340069814366143,37,37,0.16008999653859468,-52.10392869505019,-42.0,-365.0,15.0,38.17437591125342,298
raw,progress_quartile,"(26.0, 70.0]",23112,start_total_in_courses,total_reg_courses,23112,0.4571980317871125,0.5899953604399832,4800,4800,20.768431983385256,-7.769513672551056,-3.0,-138.0,20.0,13.368531417754074,131
raw,progress_quartile,"(26.0, 70.0]",23112,total_reg_credits,total_reg_courses,23112,0.9752257956919198,0.967526982510706,0,0,0.0,44.33441502249914,39.0,1.0,242.0,25.613085530977425,203
raw,progress_quartile,"(70.0, 125.0]",23171,start_total_in_credits,start_total_in_courses,23171,0.8231962573314909,0.831835628212226,0,0,0.0,61.76162012860904,61.0,39.0,91.0,10.7800018632554,89
raw,progress_quartile,"(70.0, 125.0]",23171,start_total_in_credits,total_reg_credits,23171,0.3578447557591404,0.4904252844457808,2978,2978,12.852272236847783,-31.053838850286997,-15.0,-587.5,100.0,47.42623561037354,486
raw,progress_quartile,"(70.0, 125.0]",23171,start_total_in_credits,total_reg_courses,23171,0.34221287257449656,0.44873217023618023,38,38,0.16399810107461912,50.8301109145052,53.0,-75.0,119.0,20.27747684989782,264
raw,progress_quartile,"(70.0, 125.0]",23171,start_total_in_courses,total_reg_credits,23171,0.325673646692951,0.4351266926565245,3,3,0.012947218505890984,-92.81545897889603,-79.0,-669.0,24.0,48.89920000377979,555
raw,progress_quartile,"(70.0, 125.0]",23171,start_total_in_courses,total_reg_courses,23171,0.47029415703002303,0.5843147159802674,3218,3218,13.888049717319062,-10.931509214103837,-5.0,-150.0,33.0,17.10217120835324,159
raw,progress_quartile,"(70.0, 125.0]",23171,total_reg_credits,total_reg_courses,23171,0.9491014431318723,0.9272192478176289,0,0,0.0,81.88394976479219,74.0,6.0,523.0,33.027934411425655,413
clean_v1,year,2020,14382,start_total_in_credits,start_total_in_courses,14382,0.9571356639164329,0.9815640874079541,1295,1295,9.00431094423585,51.83872201362814,47.0,0.0,187.0,39.78667401039679,262
clean_v1,year,2020,14382,start_total_in_credits,total_reg_credits,14382,0.8510240844943855,0.911579008143771,3159,3159,21.964956195244056,-28.004171881518566,-12.0,-745.0,103.0,47.13059155615394,485
clean_v1,year,2020,14382,start_total_in_credits,total_reg_courses,14382,0.8229373274473011,0.8894641588103102,1318,1318,9.164233069114172,42.231296064525104,35.0,-79.0,182.0,38.823701559362114,370
clean_v1,year,2020,14382,start_total_in_courses,total_reg_credits,14382,0.8092639431633828,0.8992001644600984,1219,1219,8.475872618550968,-79.84289389514672,-68.0,-887.0,23.0,70.09090636685258,578
clean_v1,year,2020,14382,start_total_in_courses,total_reg_courses,14382,0.8599271934217453,0.9117865621582731,3198,3198,22.236128493950773,-9.607425949103046,-4.0,-207.0,35.0,15.570971422048764,154
clean_v1,year,2020,14382,total_reg_credits,total_reg_courses,14382,0.9575764308702507,0.9810689199871897,1212,1212,8.427200667501044,70.23546794604367,62.0,0.0,680.0,58.39637631235408,487
clean_v1,year,2021,16379,start_total_in_credits,start_total_in_courses,16379,0.9575239269530718,0.9835701922081358,1603,1603,9.786922278527383,51.43351242444594,44.0,0.0,187.0,41.39430438361047,270
clean_v1,year,2021,16379,start_total_in_credits,total_reg_credits,16379,0.8605538053787772,0.9242383629694907,3785,3785,23.108858904695037,-26.415928933390315,-10.0,-757.0,103.0,47.17071093216863,522
clean_v1,year,2021,16379,start_total_in_credits,total_reg_courses,16379,0.8251421247814076,0.9042721884014124,1621,1621,9.896819097625007,42.38460833994749,34.0,-100.0,190.0,40.1052406533655,383
clean_v1,year,2021,16379,start_total_in_courses,total_reg_credits,16379,0.8236949350911171,0.9125900601541264,1522,1522,9.29238659258807,-77.84944135783626,-61.0,-920.0,24.0,71.73329982458498,631
clean_v1,year,2021,16379,start_total_in_courses,total_reg_courses,16379,0.8645847900539454,0.9229809572157966,3846,3846,23.48128701385921,-9.048904084498442,-4.0,-212.0,35.0,15.734055341397502,158
clean_v1,year,2021,16379,total_reg_credits,total_reg_courses,16379,0.9602399061795045,0.9837129544737793,1516,1516,9.255754319555528,68.80053727333781,56.0,0.0,708.0,59.94912329640298,529
clean_v1,year,2022,17238,start_total_in_credits,start_total_in_courses,17238,0.9577010260812877,0.9834625926480283,1370,1370,7.947557721313378,53.44865993734772,46.0,0.0,187.0,41.41174599823179,270
clean_v1,year,2022,17238,start_total_in_credits,total_reg_credits,17238,0.8610961875862524,0.9163579684853747,3493,3493,20.263371620837685,-26.60070773871679,-11.0,-660.0,100.0,45.8003388348023,507
clean_v1,year,2022,17238,start_total_in_credits,total_reg_courses,17238,0.8204751883577838,0.8981031398452544,1276,1276,7.402250841164869,44.375391576749045,38.0,-94.0,192.0,40.35413293108317,382
clean_v1,year,2022,17238,start_total_in_courses,total_reg_credits,17238,0.8247435506524207,0.9040849050167836,1188,1188,6.8917507831534985,-80.0493676760645,-64.0,-813.0,22.0,70.14898221468012,658
clean_v1,year,2022,17238,start_total_in_courses,total_reg_courses,17238,0.860877231706753,0.9153418050646686,3644,3644,21.139343311289014,-9.073268360598677,-4.0,-169.0,33.0,15.43145319648939,155
clean_v1,year,2022,17238,total_reg_credits,total_reg_courses,17238,0.9599289686401646,0.9845202759724608,1180,1180,6.845341686970646,70.97609931546583,59.0,0.0,650.0,58.78587268801473,538
clean_v1,year,2023,17875,start_total_in_credits,start_total_in_courses,17875,0.9560496503868235,0.9826032978920074,1344,1344,7.518881118881119,55.802461538461536,49.0,0.0,187.0,41.71340278626514,275
clean_v1,year,2023,17875,start_total_in_credits,total_reg_credits,17875,0.8641380189196136,0.9209845541669338,3963,3963,22.17062937062937,-24.968503496503498,-10.0,-769.0,86.0,44.68225208660808,516
clean_v1,year,2023,17875,start_total_in_credits,total_reg_courses,17875,0.8168377626094565,0.8989740222632671,1349,1349,7.546853146853147,47.299076923076925,41.0,-115.0,184.0,40.84492826091946,365
clean_v1,year,2023,17875,start_total_in_courses,total_reg_credits,17875,0.8269439011463015,0.9085002795586187,1247,1247,6.976223776223776,-80.77096503496503,-66.0,-934.0,17.0,69.22676861144804,657
clean_v1,year,2023,17875,start_total_in_courses,total_reg_courses,17875,0.859316158562609,0.91790527886006,4152,4152,23.227972027972026,-8.503384615384615,-3.0,-216.0,32.0,15.183290553446128,154
clean_v1,year,2023,17875,total_reg_credits,total_reg_courses,17875,0.9588741589571395,0.9833223721231664,1244,1244,6.9594405594405595,72.26758041958043,62.0,0.0,718.0,58.275051766894336,545
clean_v1,year,2024,16426,start_total_in_credits,start_total_in_courses,16426,0.9575919179349303,0.9817778104785625,1272,1272,7.743820771946913,57.224582978205284,53.0,0.0,188.0,40.76889315663664,271
clean_v1,year,2024,16426,start_total_in_credits,total_reg_credits,16426,0.8620638334449487,0.9188619155980658,4062,4062,24.729088031170097,-23.872184341896993,-8.0,-732.0,86.0,43.93439754604229,516
clean_v1,year,2024,16426,start_total_in_credits,total_reg_courses,16426,0.8187003332825474,0.8936067209575952,1305,1305,7.944721782539876,49.15463289906246,44.0,-94.0,177.0,40.10349528141008,367
clean_v1,year,2024,16426,start_total_in_courses,total_reg_credits,16426,0.8240624527044833,0.905900208970917,1248,1248,7.597710946061123,-81.09676732010227,-70.0,-892.5,22.0,67.65864537937465,658
clean_v1,year,2024,16426,start_total_in_courses,total_reg_courses,16426,0.8573827754257531,0.91500420381831,4224,4224,25.715329355899186,-8.069950079142822,-3.0,-186.0,32.0,14.91978884160823,148
clean_v1,year,2024,16426,total_reg_credits,total_reg_courses,16426,0.9608576992819415,0.9807465423289167,1235,1235,7.518568123706319,73.02681724095946,65.0,0.0,716.5,56.92707821070419,540
clean_v1,degree_id,1.111,15205,start_total_in_credits,start_total_in_courses,15205,0.9980951260438828,0.9988094425620768,602,602,3.9592239394935875,57.19059519894771,60.0,0.0,106.0,28.925188200570123,107
clean_v1,degree_id,1.111,15205,start_total_in_credits,total_reg_credits,15205,0.8108325635990336,0.8568119640366122,3577,3577,23.525156198618877,-25.130746464978625,-6.0,-335.0,83.0,44.22723015447363,311
clean_v1,degree_id,1.111,15205,start_total_in_credits,total_reg_courses,15205,0.8254710220963279,0.8730869061124632,623,623,4.097336402499177,46.60019730351858,48.0,-97.0,137.0,30.7797513616293,194
clean_v1,degree_id,1.111,15205,start_total_in_courses,total_reg_credits,15205,0.8072250320960485,0.8538749433607151,586,586,3.853995396251233,-82.32134166392635,-75.0,-429.0,24.0,57.463229566496885,357
clean_v1,degree_id,1.111,15205,start_total_in_courses,total_reg_courses,15205,0.8248088261067896,0.8719797985743954,3654,3654,24.03156856297271,-10.590397895429135,-3.0,-144.0,35.0,18.575869934855547,153
clean_v1,degree_id,1.111,15205,total_reg_credits,total_reg_courses,15205,0.9970378599094497,0.9976851904602261,577,577,3.7948043406774086,71.7309437684972,71.0,0.0,294.0,42.15549220388314,240
clean_v1,degree_id,10.111,848,start_total_in_credits,start_total_in_courses,848,0.9983864253709909,0.9995656834123829,71,71,8.372641509433961,33.800707547169814,32.0,0.0,83.0,22.553970940077186,84
clean_v1,degree_id,10.111,848,start_total_in_credits,total_reg_credits,848,0.9176589360054931,0.9421072756832573,174,174,20.5188679245283,-15.768867924528301,-9.0,-111.0,33.0,19.833507064937663,83
clean_v1,degree_id,10.111,848,start_total_in_credits,total_reg_courses,848,0.9088267475483771,0.934692238121128,80,80,9.433962264150944,27.42806603773585,24.0,-15.0,96.0,21.296623608662617,92
clean_v1,degree_id,10.111,848,start_total_in_courses,total_reg_credits,848,0.9166501852996641,0.9395675154383575,71,71,8.372641509433961,-49.569575471698116,-47.0,-188.0,0.0,34.72431304187924,134
clean_v1,degree_id,10.111,848,start_total_in_courses,total_reg_courses,848,0.9104678166329754,0.9327055072812477,174,174,20.5188679245283,-6.372641509433962,-4.0,-45.0,15.0,7.908437447480194,43
clean_v1,degree_id,10.111,848,total_reg_credits,total_reg_courses,848,0.9979442977324438,0.9987662582942608,71,71,8.372641509433961,43.196933962264154,41.0,0.0,143.0,28.953859643008546,113
clean_v1,degree_id,11.111,2341,start_total_in_credits,start_total_in_courses,2341,0.9983184914129474,0.9995292273596087,182,182,7.774455360956855,34.46561298590346,32.0,0.0,85.0,23.60677218715659,86
clean_v1,degree_id,11.111,2341,start_total_in_credits,total_reg_credits,2341,0.9021376843936969,0.9351575408228813,330,330,14.096539940196498,-17.551473729175566,-12.0,-230.0,28.0,21.80789325673802,118
clean_v1,degree_id,11.111,2341,start_total_in_credits,total_reg_courses,2341,0.8846529357005042,0.9216763623572234,204,204,8.71422469030329,27.082016232379324,23.0,-25.0,92.0,22.89985866491845,103
clean_v1,degree_id,11.111,2341,start_total_in_courses,total_reg_credits,2341,0.9016578360598623,0.9330544448197295,180,180,7.689021785561725,-52.017086715079024,-49.0,-311.0,5.0,36.289960683099935,166
clean_v1,degree_id,11.111,2341,start_total_in_courses,total_reg_courses,2341,0.8869625766261983,0.9200843208607948,339,339,14.480991029474582,-7.383596753524135,-5.0,-93.0,12.0,9.001840507802894,66
clean_v1,degree_id,11.111,2341,total_reg_credits,total_reg_courses,2341,0.9976589071610741,0.9982633656465493,180,180,7.689021785561725,44.63348996155489,42.0,0.0,218.0,29.87560773896036,132
clean_v1,degree_id,13.111,13577,start_total_in_credits,start_total_in_courses,13577,0.999139510550747,0.9992050571956611,517,517,3.807910436768064,58.13648081313987,59.0,0.0,110.0,31.025012839706953,111
clean_v1,degree_id,13.111,13577,start_total_in_credits,total_reg_credits,13577,0.7782441438400499,0.8130078403373584,2479,2479,18.25882006334242,-39.37283641452456,-20.0,-454.0,38.0,50.89248889476498,298
clean_v1,degree_id,13.111,13577,start_total_in_credits,total_reg_courses,13577,0.7789688933612603,0.8092532620927213,539,539,3.969949178758194,43.891802312734775,44.0,-100.0,120.0,32.60923808501774,182
clean_v1,degree_id,13.111,13577,start_total_in_courses,total_reg_credits,13577,0.7836816677464293,0.8176315622502116,487,487,3.586948515872431,-97.50931722766444,-89.0,-559.0,9.0,65.26732181083477,365
clean_v1,degree_id,13.111,13577,start_total_in_courses,total_reg_courses,13577,0.7854771156312061,0.8147925959179563,2515,2515,18.523974368417175,-14.244678500405097,-7.0,-143.0,15.0,18.4840292791608,127
clean_v1,degree_id,13.111,13577,total_reg_credits,total_reg_courses,13577,0.9979881824783623,0.9988482027393661,484,484,3.564852323782868,83.26463872725934,81.0,0.0,426.0,49.86979522338787,275
clean_v1,degree_id,2.111,17241,start_total_in_credits,start_total_in_courses,17241,0.9966030736628766,0.9986252291242785,708,708,4.106490342787541,89.85029870657155,87.0,0.0,188.0,51.12863317150357,291
clean_v1,degree_id,2.111,17241,start_total_in_credits,total_reg_credits,17241,0.8135034461462638,0.8990563760714525,3016,3016,17.4931848500667,-34.131372890203586,-12.0,-769.0,103.0,65.3250081980791,708
clean_v1,degree_id,2.111,17241,start_total_in_credits,total_reg_courses,17241,0.804975506518966,0.8859916233111074,710,710,4.118090597993156,80.86329099240183,79.5,-84.0,192.0,49.255643956153186,427
clean_v1,degree_id,2.111,17241,start_total_in_courses,total_reg_credits,17241,0.8098718487503432,0.8975912179941758,682,682,3.9556870251145524,-123.98167159677513,-109.5,-934.0,11.0,93.58989490618798,910
clean_v1,degree_id,2.111,17241,start_total_in_courses,total_reg_courses,17241,0.8053294003642069,0.8861369109823725,3125,3125,18.125398758772693,-8.987007714169712,-3.0,-216.0,32.0,17.739499834904418,182
clean_v1,degree_id,2.111,17241,total_reg_credits,total_reg_courses,17241,0.9965834529999145,0.997911996210446,679,679,3.938286642306131,114.99466388260542,106.0,0.0,718.0,79.16389501728943,758
clean_v1,degree_id,20.111,322,start_total_in_credits,start_total_in_courses,322,0.9969073801421533,0.9957968718357904,0,0,0.0,87.28260869565217,93.0,19.0,116.0,23.00394674309555,80
clean_v1,degree_id,20.111,322,start_total_in_credits,total_reg_credits,322,0.4337904016924548,0.42026943902969494,2,2,0.6211180124223602,-87.78260869565217,-79.0,-291.0,27.0,55.97659676216319,141
clean_v1,degree_id,20.111,322,start_total_in_credits,total_reg_courses,322,0.421478766308383,0.4118449942031814,1,1,0.3105590062111801,57.85403726708075,60.0,-18.0,121.0,32.21859429802397,112
clean_v1,degree_id,20.111,322,start_total_in_courses,total_reg_credits,322,0.4505438435324063,0.4365769256964568,0,0,0.0,-175.06521739130434,-166.0,-399.0,-72.0,57.12743666615939,163
clean_v1,degree_id,20.111,322,start_total_in_courses,total_reg_courses,322,0.4409074328733265,0.43066848673152985,2,2,0.6211180124223602,-29.428571428571427,-26.0,-98.0,10.0,19.24209245223515,71
clean_v1,degree_id,20.111,322,total_reg_credits,total_reg_courses,322,0.9964717973458367,0.996914478730996,0,0,0.0,145.63664596273293,140.0,65.0,301.0,40.321623164679174,135
clean_v1,degree_id,21.111,716,start_total_in_credits,start_total_in_courses,716,0.9967416845856385,0.9981703223013225,273,273,38.12849162011173,8.763966480446927,8.0,0.0,39.0,9.355534642169463,40
clean_v1,degree_id,21.111,716,start_total_in_credits,total_reg_credits,716,0.8337588677395378,0.8906100299818532,434,434,60.614525139664806,-5.60754189944134,0.0,-59.0,16.0,10.441493293635695,54
clean_v1,degree_id,21.111,716,start_total_in_credits,total_reg_courses,716,0.8294026383055643,0.8827054004261015,257,257,35.89385474860335,6.972067039106145,4.0,-16.0,37.0,9.410412425344592,51
clean_v1,degree_id,21.111,716,start_total_in_courses,total_reg_credits,716,0.8342877730799632,0.8897188226122454,250,250,34.91620111731844,-14.371508379888269,-12.0,-83.0,0.0,15.144764322792767,60
clean_v1,degree_id,21.111,716,start_total_in_courses,total_reg_courses,716,0.8339288545884493,0.8851431365461899,435,435,60.754189944134076,-1.791899441340782,0.0,-18.0,6.0,3.343293677027616,23
clean_v1,degree_id,21.111,716,total_reg_credits,total_reg_courses,716,0.998172305086178,0.9962946094590566,250,250,34.91620111731844,12.579608938547485,11.0,0.0,65.0,12.677630886006346,49
clean_v1,degree_id,22.111,791,start_total_in_credits,start_total_in_courses,791,0.99800073293394,0.9984659433186834,190,190,24.020227560050568,8.059418457648546,7.0,0.0,40.0,7.473006895918381,34
clean_v1,degree_id,22.111,791,start_total_in_credits,total_reg_credits,791,0.8474105725455106,0.8933189331770629,179,179,22.629582806573957,-25.427307206068267,-18.0,-210.0,0.0,25.707989453222982,93
clean_v1,degree_id,22.111,791,start_total_in_credits,total_reg_courses,791,0.8507625329192466,0.8933003359054218,195,195,24.652338811630848,-2.694058154235145,-1.0,-79.0,25.0,7.81656485732484,49
clean_v1,degree_id,22.111,791,start_total_in_courses,total_reg_credits,791,0.8468673069078937,0.8921552558749538,169,169,21.3653603034134,-33.48672566371681,-26.0,-213.0,0.0,31.244839789033417,111
clean_v1,degree_id,22.111,791,start_total_in_courses,total_reg_courses,791,0.8515848286597437,0.8931371738636216,179,179,22.629582806573957,-10.753476611883691,-8.0,-82.0,0.0,10.704602579212489,47
clean_v1,degree_id,22.111,791,total_reg_credits,total_reg_courses,791,0.9981845776638576,0.9985120088995861,169,169,21.3653603034134,22.733249051833123,17.0,0.0,131.0,20.803441644122884,78
clean_v1,degree_id,24.111,4632,start_total_in_credits,start_total_in_courses,4632,0.9994380941214392,0.9995317834568451,367,367,7.923143350604491,45.707469775474955,41.0,0.0,119.0,32.554930479089194,120
clean_v1,degree_id,24.111,4632,start_total_in_credits,total_reg_credits,4632,0.8553525556621357,0.8737417236109722,625,625,13.493091537132987,-21.55440414507772,-17.0,-136.0,90.0,30.34166020895497,191
clean_v1,degree_id,24.111,4632,start_total_in_credits,total_reg_courses,4632,0.8478277322978154,0.8681597381959378,373,373,8.052677029360968,38.51748704663213,32.0,-27.0,145.0,33.827673668771595,161
clean_v1,degree_id,24.111,4632,start_total_in_courses,total_reg_credits,4632,0.8549056637766744,0.8722018062106645,337,337,7.275474956822108,-67.26187392055267,-63.0,-243.0,18.0,45.42227159491034,226
clean_v1,degree_id,24.111,4632,start_total_in_courses,total_reg_courses,4632,0.8480817598973018,0.8671375031709722,631,631,13.622625215889464,-7.189982728842833,-6.0,-49.0,30.0,10.36972337426102,78
clean_v1,degree_id,24.111,4632,total_reg_credits,total_reg_courses,4632,0.9992312782198148,0.9992786863145826,335,335,7.232297063903282,60.071891191709845,56.5,0.0,200.0,38.981009778478686,177
clean_v1,degree_id,26.111,1797,start_total_in_credits,start_total_in_courses,1797,0.9995959419341951,0.9995718290200021,124,124,6.900389538119088,41.521981079577074,40.0,0.0,111.0,26.89756595725776,112
clean_v1,degree_id,26.111,1797,start_total_in_credits,total_reg_credits,1797,0.8683624377744652,0.8700687552574502,136,136,7.568169170840289,-20.507512520868115,-14.0,-141.0,23.0,22.188165104444714,120
clean_v1,degree_id,26.111,1797,start_total_in_credits,total_reg_courses,1797,0.8788490117310146,0.8794824870446653,68,68,3.7840845854201444,35.56316082359488,35.0,-38.0,117.0,29.169538230917674,146
clean_v1,degree_id,26.111,1797,start_total_in_courses,total_reg_credits,1797,0.8683159480479518,0.8697580662941122,59,59,3.2832498608792435,-62.029493600445186,-61.0,-182.0,1.0,32.36401598278654,152
clean_v1,degree_id,26.111,1797,start_total_in_courses,total_reg_courses,1797,0.8792535648453909,0.8796986672420138,343,343,19.087367835281025,-5.958820255982192,-4.0,-46.0,10.0,7.352217091295691,52
clean_v1,degree_id,26.111,1797,total_reg_credits,total_reg_courses,1797,0.9987458517280755,0.9986411111077634,59,59,3.2832498608792435,56.070673344462996,55.0,0.0,156.0,29.157395090545666,129
clean_v1,degree_id,27.111,928,start_total_in_credits,start_total_in_courses,928,0.999374157417499,0.9993891836140586,77,77,8.297413793103448,38.17672413793103,38.0,0.0,106.0,25.347275529012325,99
clean_v1,degree_id,27.111,928,start_total_in_credits,total_reg_credits,928,0.8762253308967609,0.8884149412788178,120,120,12.931034482758621,-20.098060344827587,-14.0,-129.0,13.0,21.338290193461827,95
clean_v1,degree_id,27.111,928,start_total_in_credits,total_reg_courses,928,0.8854674262502813,0.8962350163531337,46,46,4.956896551724138,32.26724137931034,32.0,-30.0,106.0,26.69734732100458,120
clean_v1,degree_id,27.111,928,start_total_in_courses,total_reg_credits,928,0.878712612612112,0.8902956273508248,46,46,4.956896551724138,-58.27478448275862,-56.5,-180.0,0.0,32.84803573958703,138
clean_v1,degree_id,27.111,928,start_total_in_courses,total_reg_courses,928,0.8885509694078253,0.8986881983442188,200,200,21.551724137931032,-5.9094827586206895,-4.0,-42.0,5.0,6.91639053152726,40
clean_v1,degree_id,27.111,928,total_reg_credits,total_reg_courses,928,0.9987049136255202,0.9984183634404619,46,46,4.956896551724138,52.36530172413793,50.0,0.0,147.0,29.25215235104663,117
clean_v1,degree_id,29.111,1102,start_total_in_credits,start_total_in_courses,1102,0.9993528626021827,0.9993253772904926,93,93,8.439201451905626,35.77132486388385,34.0,0.0,111.0,25.280701586801126,103
clean_v1,degree_id,29.111,1102,start_total_in_credits,total_reg_credits,1102,0.8161824999513353,0.8453731146738976,155,155,14.065335753176045,-21.976406533575318,-15.0,-211.0,24.0,27.627327008075667,119
clean_v1,degree_id,29.111,1102,start_total_in_credits,total_reg_courses,1102,0.8230340653941256,0.8522184947890383,72,72,6.533575317604355,29.061705989110706,26.0,-50.0,112.0,27.262037962886488,135
clean_v1,degree_id,29.111,1102,start_total_in_courses,total_reg_credits,1102,0.8209773100396184,0.8495102943370553,67,67,6.0798548094373865,-57.74773139745916,-54.0,-253.0,1.0,37.33964041048199,158
clean_v1,degree_id,29.111,1102,start_total_in_courses,total_reg_courses,1102,0.8282463917048731,0.8567568609243753,192,192,17.422867513611614,-6.70961887477314,-4.0,-70.0,9.0,9.13025522293333,51
clean_v1,degree_id,29.111,1102,total_reg_credits,total_reg_courses,1102,0.9989775381516928,0.9987962891425118,66,66,5.9891107078039925,51.03811252268603,48.0,0.0,183.0,31.555357687652396,125
clean_v1,degree_id,3.111,5926,start_total_in_credits,start_total_in_courses,5926,0.999442161380713,0.9995567048159381,326,326,5.50118123523456,51.891157610529866,51.0,0.0,113.0,31.528559945913916,114
clean_v1,degree_id,3.111,5926,start_total_in_credits,total_reg_credits,5926,0.8949497015086636,0.9096271682459744,997,997,16.824164697941278,-22.488187647654403,-15.0,-183.0,72.0,27.077543510342426,180
clean_v1,degree_id,3.111,5926,start_total_in_credits,total_reg_courses,5926,0.9019611363691418,0.9168180544346075,332,332,5.60242996962538,44.54978062774215,42.0,-23.0,126.0,30.963456927978353,141
clean_v1,degree_id,3.111,5926,start_total_in_courses,total_reg_credits,5926,0.8957119133553355,0.911394950361369,302,302,5.096186297671279,-74.37934525818427,-73.0,-273.0,15.0,45.35668156224806,236
clean_v1,degree_id,3.111,5926,start_total_in_courses,total_reg_courses,5926,0.9033678034942336,0.9189149370981813,997,997,16.824164697941278,-7.3413769827877156,-5.0,-61.0,25.0,8.896312177344214,75
clean_v1,degree_id,3.111,5926,total_reg_credits,total_reg_courses,5926,0.9990786792638011,0.9992137655290162,300,300,5.062436719541006,67.03796827539655,67.0,0.0,213.0,39.26310355515456,188
clean_v1,degree_id,30.111,447,start_total_in_credits,start_total_in_courses,447,0.9993907379762225,0.9991005754820386,61,61,13.646532438478747,27.136465324384787,23.0,0.0,107.0,22.466351302365137,85
clean_v1,degree_id,30.111,447,start_total_in_credits,total_reg_credits,447,0.8134465659564624,0.8224627397364909,56,56,12.527964205816556,-23.76062639821029,-15.0,-170.0,34.0,29.792909554060536,101
clean_v1,degree_id,30.111,447,start_total_in_credits,total_reg_courses,447,0.8262272428508909,0.8307001737852568,47,47,10.51454138702461,19.686800894854585,16.0,-53.0,99.0,22.923158445249385,103
clean_v1,degree_id,30.111,447,start_total_in_courses,total_reg_credits,447,0.8136643075689511,0.8206162106549254,43,43,9.619686800894854,-50.89709172259508,-43.0,-229.0,4.0,40.77129876741911,136
clean_v1,degree_id,30.111,447,start_total_in_courses,total_reg_courses,447,0.8266300647598926,0.8290415579893161,73,73,16.331096196868007,-7.449664429530201,-5.0,-57.0,12.0,9.603882978920048,51
clean_v1,degree_id,30.111,447,total_reg_credits,total_reg_courses,447,0.998596315860688,0.9986503331517746,42,42,9.395973154362416,43.44742729306488,38.0,0.0,187.0,33.367921631995365,110
clean_v1,degree_id,31.111,340,start_total_in_credits,start_total_in_courses,340,0.9991252753972885,0.9992814407735972,66,66,19.411764705882355,20.38529411764706,17.0,0.0,79.0,18.231915229936423,66
clean_v1,degree_id,31.111,340,start_total_in_credits,total_reg_credits,340,0.7186988515694585,0.7973243793976283,57,57,16.76470588235294,-19.74705882352941,-14.0,-110.0,53.0,26.869522330365612,83
clean_v1,degree_id,31.111,340,start_total_in_credits,total_reg_courses,340,0.7333402849825343,0.804823143358325,52,52,15.294117647058824,13.988235294117647,8.5,-30.0,91.0,20.597702491032226,83
clean_v1,degree_id,31.111,340,start_total_in_courses,total_reg_credits,340,0.7167822832143779,0.7972111024851682,45,45,13.23529411764706,-40.13235294117647,-35.5,-150.0,11.0,32.279889723836256,102
clean_v1,degree_id,31.111,340,start_total_in_courses,total_reg_courses,340,0.732462401372686,0.8052068767373142,57,57,16.76470588235294,-6.397058823529412,-5.0,-36.0,19.0,8.857008467512026,45
clean_v1,degree_id,31.111,340,total_reg_credits,total_reg_courses,340,0.9983617108597069,0.9992086844377853,45,45,13.23529411764706,33.73529411764706,31.5,0.0,117.0,25.675429094861787,85
clean_v1,degree_id,33.111,148,start_total_in_credits,start_total_in_courses,148,0.9995116481164716,0.9992445675572831,19,19,12.837837837837837,24.39189189189189,22.0,0.0,73.0,18.43489560556916,56
clean_v1,degree_id,33.111,148,start_total_in_credits,total_reg_credits,148,0.821190825907778,0.8461479943578383,37,37,25.0,-14.513513513513514,-9.0,-77.0,12.0,19.392293330920637,39
clean_v1,degree_id,33.111,148,start_total_in_credits,total_reg_courses,148,0.8279934532082652,0.8538764887173319,19,19,12.837837837837837,19.472972972972972,16.0,-20.0,75.0,19.81425513986241,68
clean_v1,degree_id,33.111,148,start_total_in_courses,total_reg_credits,148,0.8233999692070498,0.8491896922720914,18,18,12.162162162162163,-38.9054054054054,-38.5,-122.0,0.0,26.28631930924765,69
clean_v1,degree_id,33.111,148,start_total_in_courses,total_reg_courses,148,0.8308907590727022,0.8580096817792774,40,40,27.027027027027028,-4.918918918918919,-3.0,-26.0,4.0,6.632750646318485,25
clean_v1,degree_id,33.111,148,total_reg_credits,total_reg_courses,148,0.9992594971954301,0.9984748106652059,18,18,12.162162162162163,33.986486486486484,34.0,0.0,96.0,22.063293765640065,56
clean_v1,degree_id,34.111,432,start_total_in_credits,start_total_in_courses,432,0.9995462528035243,0.9994255188169415,57,57,13.194444444444445,28.04398148148148,25.0,0.0,82.0,20.127906793972613,74
clean_v1,degree_id,34.111,432,start_total_in_credits,total_reg_credits,432,0.9255523282197706,0.9324552482691795,141,141,32.63888888888889,-8.444444444444445,-6.0,-53.0,44.0,12.962973029372833,41
clean_v1,degree_id,34.111,432,start_total_in_credits,total_reg_courses,432,0.9261775785088253,0.9337527237015518,57,57,13.194444444444445,25.14351851851852,23.0,-12.0,90.0,20.423651151016152,83
clean_v1,degree_id,34.111,432,start_total_in_courses,total_reg_credits,432,0.9256640093469934,0.9317299118532975,55,55,12.731481481481483,-36.488425925925924,-35.0,-105.0,8.0,24.45270742745644,82
clean_v1,degree_id,34.111,432,start_total_in_courses,total_reg_courses,432,0.9271183666971765,0.9341709247372124,141,141,32.63888888888889,-2.900462962962963,-2.0,-18.0,16.0,4.500765572260357,21
clean_v1,degree_id,34.111,432,total_reg_credits,total_reg_courses,432,0.999292093482274,0.9986785746351047,55,55,12.731481481481483,33.58796296296296,32.5,0.0,96.0,22.2149725542399,72
clean_v1,degree_id,35.111,150,start_total_in_credits,start_total_in_courses,150,0.9994922923482394,0.9993392899943592,20,20,13.333333333333334,23.186666666666667,23.0,0.0,73.0,17.26904615945162,54
clean_v1,degree_id,35.111,150,start_total_in_credits,total_reg_credits,150,0.9398971598690167,0.946311297805844,34,34,22.666666666666664,-12.773333333333333,-12.0,-44.0,0.0,11.162705564769102,27
clean_v1,degree_id,35.111,150,start_total_in_credits,total_reg_courses,150,0.9424571014061821,0.946431037540913,24,24,16.0,18.833333333333332,18.0,-8.0,71.0,16.690799083603427,54
clean_v1,degree_id,35.111,150,start_total_in_courses,total_reg_credits,150,0.9411321564021278,0.9486753498071401,19,19,12.666666666666668,-35.96,-36.0,-86.0,0.0,22.850808805975518,58
clean_v1,degree_id,35.111,150,start_total_in_courses,total_reg_courses,150,0.9445286172148956,0.9499921806437907,34,34,22.666666666666664,-4.3533333333333335,-4.0,-15.0,0.0,3.793559831723761,16
clean_v1,degree_id,35.111,150,total_reg_credits,total_reg_courses,150,0.999427408814297,0.9986916678890376,19,19,12.666666666666668,31.606666666666666,30.0,0.0,78.0,20.443372982006462,53
clean_v1,degree_id,36.111,424,start_total_in_credits,start_total_in_courses,424,0.9995888488436439,0.9994799675946859,58,58,13.679245283018867,26.33490566037736,24.0,0.0,79.0,18.83337685278512,70
clean_v1,degree_id,36.111,424,start_total_in_credits,total_reg_credits,424,0.9313342834073551,0.9345536229057465,137,137,32.31132075471698,-7.452830188679245,-3.0,-46.0,37.0,11.550388795741815,41
clean_v1,degree_id,36.111,424,start_total_in_credits,total_reg_courses,424,0.9322815725294888,0.9375469061270362,61,61,14.38679245283019,23.754716981132077,21.0,-6.0,91.0,19.079186149512477,72
clean_v1,degree_id,36.111,424,start_total_in_courses,total_reg_credits,424,0.9316057931380606,0.9351631387905223,57,57,13.443396226415095,-33.7877358490566,-33.0,-86.0,4.0,22.455993014887348,77
clean_v1,degree_id,36.111,424,start_total_in_courses,total_reg_courses,424,0.9332104527000805,0.9390303201842746,137,137,32.31132075471698,-2.580188679245283,-1.0,-16.0,13.0,4.025707457291435,21
clean_v1,degree_id,36.111,424,total_reg_credits,total_reg_courses,424,0.9994597468986036,0.9990226823073693,57,57,13.443396226415095,31.20754716981132,30.0,0.0,80.0,20.51314148633582,64
clean_v1,degree_id,37.111,117,start_total_in_credits,start_total_in_courses,117,0.9994771469939749,0.9993326483416802,16,16,13.675213675213676,27.299145299145298,28.0,0.0,75.0,18.289937386662004,47
clean_v1,degree_id,37.111,117,start_total_in_credits,total_reg_credits,117,0.9563981617745558,0.9616243250278307,34,34,29.059829059829063,-7.418803418803419,-3.0,-39.0,9.0,10.017432491824643,26
clean_v1,degree_id,37.111,117,start_total_in_credits,total_reg_courses,117,0.9578512810162708,0.9636175954748271,15,15,12.82051282051282,24.77777777777778,24.0,-6.0,74.0,17.58090221249649,48
clean_v1,degree_id,37.111,117,start_total_in_courses,total_reg_credits,117,0.9570440260023952,0.9620440850250018,15,15,12.82051282051282,-34.717948717948715,-33.0,-90.0,0.0,23.321532951421613,56
clean_v1,degree_id,37.111,117,start_total_in_courses,total_reg_courses,117,0.959460909124963,0.9650466808051578,34,34,29.059829059829063,-2.5213675213675213,-1.0,-13.0,3.0,3.405366683882173,15
clean_v1,degree_id,37.111,117,total_reg_credits,total_reg_courses,117,0.9994231496788782,0.9991692712007917,15,15,12.82051282051282,32.1965811965812,32.0,0.0,77.0,21.220208047762704,50
clean_v1,degree_id,39.111,248,start_total_in_credits,start_total_in_courses,248,0.9989126605490868,0.9987862604250095,58,58,23.387096774193548,8.689516129032258,7.0,0.0,36.0,7.788471897732128,33
clean_v1,degree_id,39.111,248,start_total_in_credits,total_reg_credits,248,0.8362344557153596,0.8713022139194163,58,58,23.387096774193548,-18.81451612903226,-15.0,-67.0,0.0,16.424464292490192,51
clean_v1,degree_id,39.111,248,start_total_in_credits,total_reg_courses,248,0.8419463229219633,0.8730718512426126,75,75,30.241935483870968,2.282258064516129,0.0,-17.0,29.0,6.586159557322431,35
clean_v1,degree_id,39.111,248,start_total_in_courses,total_reg_credits,248,0.834670043345624,0.8690379477261576,56,56,22.58064516129032,-27.504032258064516,-26.0,-83.0,0.0,21.70150799511668,66
clean_v1,degree_id,39.111,248,start_total_in_courses,total_reg_courses,248,0.841550078384909,0.8723219025682937,58,58,23.387096774193548,-6.407258064516129,-5.0,-23.0,0.0,5.599257807773314,23
clean_v1,degree_id,39.111,248,total_reg_credits,total_reg_courses,248,0.9991170394262137,0.9983270008355475,56,56,22.58064516129032,21.096774193548388,20.0,0.0,62.0,16.430897799801127,46
clean_v1,degree_id,4.111,390,start_total_in_credits,start_total_in_courses,390,0.9991768701032214,0.9988538252875655,66,66,16.923076923076923,27.82051282051282,20.5,0.0,108.0,27.006399122553773,90
clean_v1,degree_id,4.111,390,start_total_in_credits,total_reg_credits,390,0.9264651314120417,0.9406147877004304,154,154,39.48717948717949,-11.117948717948718,-2.0,-111.0,16.0,20.2282969075853,70
clean_v1,degree_id,4.111,390,start_total_in_credits,total_reg_courses,390,0.9293742631761917,0.9376497272216203,72,72,18.461538461538463,24.26153846153846,17.5,-16.0,105.0,25.644761391561754,91
clean_v1,degree_id,4.111,390,start_total_in_courses,total_reg_credits,390,0.9242611520034826,0.9369986632727104,65,65,16.666666666666664,-38.93846153846154,-25.0,-181.0,5.0,38.55595616739141,113
clean_v1,degree_id,4.111,390,start_total_in_courses,total_reg_courses,390,0.9283070615950441,0.9351142671478181,156,156,40.0,-3.5589743589743588,-1.0,-38.0,7.0,6.734048769284667,33
clean_v1,degree_id,4.111,390,total_reg_credits,total_reg_courses,390,0.9988493348447358,0.998546908812879,65,65,16.666666666666664,35.37948717948718,23.0,0.0,151.0,33.81933840455699,95
clean_v1,degree_id,40.111,759,start_total_in_credits,start_total_in_courses,759,0.9986124708133172,0.9985405798060696,295,295,38.866930171278,5.75098814229249,4.0,0.0,30.0,6.218104552046052,29
clean_v1,degree_id,40.111,759,start_total_in_credits,total_reg_credits,759,0.8016087965790547,0.8373148960568858,317,317,41.76548089591568,-9.054018445322793,-5.0,-56.0,23.0,10.827916697358562,48
clean_v1,degree_id,40.111,759,start_total_in_credits,total_reg_courses,759,0.7983725137626176,0.8300930899707913,281,281,37.02239789196311,2.5467720685111987,0.0,-18.0,33.0,5.964062293354062,40
clean_v1,degree_id,40.111,759,start_total_in_courses,total_reg_credits,759,0.8011620463612068,0.8384035562920156,258,258,33.99209486166008,-14.805006587615283,-12.0,-71.0,0.0,14.332332443295057,53
clean_v1,degree_id,40.111,759,start_total_in_courses,total_reg_courses,759,0.7994070687879716,0.8332710295593699,318,318,41.89723320158103,-3.204216073781291,-2.0,-18.0,8.0,3.8383130550963855,20
clean_v1,degree_id,40.111,759,total_reg_credits,total_reg_courses,759,0.9983153679467197,0.9968619217520185,258,258,33.99209486166008,11.600790513833992,10.0,0.0,53.0,10.92961648570796,40
clean_v1,degree_id,41.111,2112,start_total_in_credits,start_total_in_courses,2112,0.9951896819338202,0.9946309243178261,579,579,27.41477272727273,18.015625,14.0,0.0,136.5,16.845263464025432,79
clean_v1,degree_id,41.111,2112,start_total_in_credits,total_reg_credits,2112,0.8432195652448559,0.9221330797212235,1177,1177,55.729166666666664,-1.2017045454545454,0.0,-360.0,47.0,16.25122629725765,74
clean_v1,degree_id,41.111,2112,start_total_in_credits,total_reg_courses,2112,0.8316517478817663,0.9216972747299984,573,573,27.130681818181817,17.74337121212121,14.0,-115.0,109.5,17.28919053975976,96
clean_v1,degree_id,41.111,2112,start_total_in_courses,total_reg_credits,2112,0.8311230373744257,0.9160080512095624,575,575,27.22537878787879,-19.217329545454547,-13.0,-384.5,5.0,24.274359936488814,80
clean_v1,degree_id,41.111,2112,start_total_in_courses,total_reg_courses,2112,0.8253666721889313,0.9289723674880286,1183,1183,56.01325757575758,-0.2722537878787879,0.0,-115.0,15.0,5.3215174191072165,32
clean_v1,degree_id,41.111,2112,total_reg_credits,total_reg_courses,2112,0.9969993848092781,0.9869425758760154,571,571,27.03598484848485,18.945075757575758,12.5,0.0,299.5,20.785357561438172,69
clean_v1,degree_id,42.111,1663,start_total_in_credits,start_total_in_courses,1663,0.9978226696192911,0.996893152386264,474,474,28.502705953096815,14.580877931449189,11.0,0.0,61.0,13.526968025764242,58
clean_v1,degree_id,42.111,1663,start_total_in_credits,total_reg_credits,1663,0.9181663758799941,0.9381982427666069,1103,1103,66.32591701743836,-0.6355983162958508,0.0,-105.0,67.0,8.930106078463373,63
clean_v1,degree_id,42.111,1663,start_total_in_credits,total_reg_courses,1663,0.9247462087514255,0.9395725595384529,480,480,28.863499699338547,14.372218881539387,11.0,-39.0,81.0,14.739956022911223,79
clean_v1,degree_id,42.111,1663,start_total_in_courses,total_reg_credits,1663,0.9103828851371258,0.9313761772187783,470,470,28.262176788935662,-15.216476247745039,-11.0,-105.0,22.0,14.354462120268431,67
clean_v1,degree_id,42.111,1663,start_total_in_courses,total_reg_courses,1663,0.9208549586858289,0.94124617686174,1107,1107,66.56644618159952,-0.20865904990980155,0.0,-39.0,30.0,3.44219895415718,35
clean_v1,degree_id,42.111,1663,total_reg_credits,total_reg_courses,1663,0.9968282744361139,0.9913399535514091,467,467,28.081779915814792,15.007817197835237,11.0,0.0,78.0,13.393671350160794,47
clean_v1,degree_id,44.111,1128,start_total_in_credits,start_total_in_courses,1128,0.9984269233301359,0.9972587609896677,346,346,30.673758865248228,13.288120567375886,10.0,0.0,65.0,13.181329082972395,60
clean_v1,degree_id,44.111,1128,start_total_in_credits,total_reg_credits,1128,0.9103439999730917,0.9208841225108303,695,695,61.61347517730496,-1.4884751773049645,0.0,-42.0,53.0,8.912860720696527,56
clean_v1,degree_id,44.111,1128,start_total_in_credits,total_reg_courses,1128,0.8978839705692041,0.9168184964006083,348,348,30.851063829787233,12.799645390070921,10.0,-10.0,77.0,14.682705055122494,75
clean_v1,degree_id,44.111,1128,start_total_in_courses,total_reg_credits,1128,0.903063371801993,0.9119826315283812,345,345,30.585106382978722,-14.77659574468085,-11.0,-57.0,14.0,13.889144776244938,60
clean_v1,degree_id,44.111,1128,start_total_in_courses,total_reg_courses,1128,0.8918409329488156,0.9138988049108168,698,698,61.87943262411347,-0.48847517730496454,0.0,-17.0,20.0,3.7085299619298575,27
clean_v1,degree_id,44.111,1128,total_reg_credits,total_reg_courses,1128,0.9982835265668873,0.9928281521451524,343,343,30.407801418439718,14.288120567375886,11.0,0.0,52.0,13.002810453683175,47
clean_v1,degree_id,45.111,410,start_total_in_credits,start_total_in_courses,410,0.9996946688120322,0.9996455284464162,121,121,29.51219512195122,12.324390243902439,10.0,0.0,66.0,12.191810159174961,42
clean_v1,degree_id,45.111,410,start_total_in_credits,total_reg_credits,410,0.8763575999700721,0.9094513668288956,190,190,46.34146341463415,-6.324390243902439,-3.0,-48.0,40.0,10.085678933712833,30
clean_v1,degree_id,45.111,410,start_total_in_credits,total_reg_courses,410,0.8788820139192679,0.9108132420573789,117,117,28.536585365853657,10.226829268292683,8.0,-16.0,78.0,12.695021922348982,55
clean_v1,degree_id,45.111,410,start_total_in_courses,total_reg_credits,410,0.8735647049588692,0.9086882572507838,111,111,27.073170731707318,-18.648780487804878,-15.0,-56.0,6.0,15.776667522577627,48
clean_v1,degree_id,45.111,410,start_total_in_courses,total_reg_courses,410,0.8765327865952226,0.9107575880914082,190,190,46.34146341463415,-2.097560975609756,-1.0,-16.0,14.0,3.3935425378106854,20
clean_v1,degree_id,45.111,410,total_reg_credits,total_reg_courses,410,0.9997730870630482,0.9994330708535593,111,111,27.073170731707318,16.55121951219512,12.0,0.0,55.0,13.892305339770218,42
clean_v1,degree_id,46.111,398,start_total_in_credits,start_total_in_courses,398,0.9994515873814679,0.9983591956481368,130,130,32.663316582914575,13.168341708542714,11.0,0.0,56.0,12.862939667529263,46
clean_v1,degree_id,46.111,398,start_total_in_credits,total_reg_credits,398,0.922572796159471,0.9433798157967445,246,246,61.80904522613066,-1.9170854271356783,0.0,-27.0,35.0,7.834282315131847,30
clean_v1,degree_id,46.111,398,start_total_in_credits,total_reg_courses,398,0.9247201074744654,0.9456425512727534,126,126,31.65829145728643,12.557788944723619,11.0,-6.0,65.0,13.421116754867562,53
clean_v1,degree_id,46.111,398,start_total_in_courses,total_reg_credits,398,0.9164547283434812,0.9379198508601805,127,127,31.909547738693465,-15.085427135678392,-12.0,-60.0,4.0,14.396079045441043,47
clean_v1,degree_id,46.111,398,start_total_in_courses,total_reg_courses,398,0.9192953143430583,0.942996002288291,246,246,61.80904522613066,-0.6105527638190955,0.0,-9.0,12.0,2.6955676270911035,19
clean_v1,degree_id,46.111,398,total_reg_credits,total_reg_courses,398,0.9996166385655219,0.9981552375735104,126,126,31.65829145728643,14.474874371859297,11.0,0.0,55.0,13.406570886370648,37
clean_v1,degree_id,47.111,478,start_total_in_credits,start_total_in_courses,478,0.9995761185912436,0.9990646176210739,149,149,31.171548117154813,12.857740585774058,11.0,0.0,55.0,12.299744024183827,45
clean_v1,degree_id,47.111,478,start_total_in_credits,total_reg_credits,478,0.9317288031113121,0.9376825106631934,302,302,63.17991631799163,-3.2447698744769875,0.0,-45.0,27.0,7.356789520121348,26
clean_v1,degree_id,47.111,478,start_total_in_credits,total_reg_courses,478,0.9329989632072094,0.9390612480343646,146,146,30.543933054393307,11.788702928870293,10.0,-12.0,55.0,12.442712246192256,55
clean_v1,degree_id,47.111,478,start_total_in_courses,total_reg_credits,478,0.929717360345349,0.9352153981915179,143,143,29.916317991631797,-16.102510460251047,-12.0,-57.0,0.0,14.610095084577427,49
clean_v1,degree_id,47.111,478,start_total_in_courses,total_reg_courses,478,0.9315616421235242,0.9386974012200043,304,304,63.59832635983263,-1.0690376569037656,0.0,-15.0,9.0,2.475338215597588,18
clean_v1,degree_id,47.111,478,total_reg_credits,total_reg_courses,478,0.9997301854572475,0.9982752904446619,143,143,29.916317991631797,15.03347280334728,12.0,0.0,55.0,13.438692567929273,42
clean_v1,degree_id,48.111,449,start_total_in_credits,start_total_in_courses,449,0.999584575833284,0.9994310985655841,139,139,30.957683741648108,12.367483296213809,10.0,0.0,52.0,12.22157464209998,46
clean_v1,degree_id,48.111,449,start_total_in_credits,total_reg_credits,449,0.910829343267381,0.9277603011709179,244,244,54.342984409799556,-5.042316258351893,0.0,-45.0,29.0,8.781854769603074,32
clean_v1,degree_id,48.111,449,start_total_in_credits,total_reg_courses,449,0.9119586133867625,0.9294076124175221,140,140,31.180400890868597,10.694877505567929,9.0,-8.0,56.0,12.305558977031223,57
clean_v1,degree_id,48.111,449,start_total_in_courses,total_reg_credits,449,0.9093399544999287,0.9278008179886205,133,133,29.621380846325167,-17.4097995545657,-13.0,-60.0,1.0,15.724369513958823,51
clean_v1,degree_id,48.111,449,start_total_in_courses,total_reg_courses,449,0.9110931450469761,0.9306219455212635,244,244,54.342984409799556,-1.6726057906458798,0.0,-15.0,11.0,2.948544227372207,21
clean_v1,degree_id,48.111,449,total_reg_credits,total_reg_courses,449,0.9996817910046043,0.998893674469386,133,133,29.621380846325167,15.737193763919821,12.0,0.0,52.0,14.055453700062616,41
clean_v1,degree_id,49.111,227,start_total_in_credits,start_total_in_courses,227,0.999672106319734,0.9996072089055216,75,75,33.03964757709251,12.400881057268723,10.0,0.0,77.0,14.179400461598924,45
clean_v1,degree_id,49.111,227,start_total_in_credits,total_reg_credits,227,0.7323953981968743,0.7980601130380065,101,101,44.49339207048458,-4.955947136563877,0.0,-51.0,52.0,15.170937439514187,29
clean_v1,degree_id,49.111,227,start_total_in_credits,total_reg_courses,227,0.7402322307578402,0.8045677763119056,62,62,27.312775330396477,10.797356828193832,4.0,-10.0,95.0,17.237882548406034,57
clean_v1,degree_id,49.111,227,start_total_in_courses,total_reg_credits,227,0.7257979388264344,0.7961286507087088,62,62,27.312775330396477,-17.356828193832598,-15.0,-61.0,8.0,15.154090092522841,52
clean_v1,degree_id,49.111,227,start_total_in_courses,total_reg_courses,227,0.734077166405376,0.8033947552471343,101,101,44.49339207048458,-1.60352422907489,0.0,-17.0,18.0,5.1518177823857405,23
clean_v1,degree_id,49.111,227,total_reg_credits,total_reg_courses,227,0.9997095431758207,0.9992237863894831,61,61,26.87224669603524,15.753303964757709,12.0,0.0,53.0,13.018058427822693,34
clean_v1,degree_id,5.111,152,start_total_in_credits,start_total_in_courses,152,0.9996597790494276,0.9993393939061237,24,24,15.789473684210526,40.80921052631579,31.0,0.0,110.0,35.38187764375669,70
clean_v1,degree_id,5.111,152,start_total_in_credits,total_reg_credits,152,0.6720909697399247,0.7804282682362953,31,31,20.394736842105264,9.013157894736842,0.0,-155.0,74.0,40.57663615779638,49
clean_v1,degree_id,5.111,152,start_total_in_credits,total_reg_courses,152,0.695800951496659,0.7868541483244605,22,22,14.473684210526317,44.223684210526315,30.5,-32.0,133.0,44.69768907732546,89
clean_v1,degree_id,5.111,152,start_total_in_courses,total_reg_credits,152,0.6783216058527602,0.7872861433746272,21,21,13.815789473684212,-31.79605263157895,-23.5,-170.0,13.0,34.42956892125099,75
clean_v1,degree_id,5.111,152,start_total_in_courses,total_reg_courses,152,0.7022229281004805,0.7939714273803258,32,32,21.052631578947366,3.414473684210526,0.0,-47.0,25.0,13.201667604349336,30
clean_v1,degree_id,5.111,152,total_reg_credits,total_reg_courses,152,0.9984656723538975,0.9988224023812249,21,21,13.815789473684212,35.21052631578947,28.5,0.0,123.0,29.351857591846176,64
clean_v1,degree_id,50.111,455,start_total_in_credits,start_total_in_courses,455,0.9994748991010249,0.9996304072863266,138,138,30.32967032967033,18.353846153846153,12.0,0.0,106.0,22.214117766097733,77
clean_v1,degree_id,50.111,455,start_total_in_credits,total_reg_credits,455,0.7202377816438805,0.8445266549119659,223,223,49.01098901098901,1.9538461538461538,0.0,-47.0,86.0,23.066081605618933,69
clean_v1,degree_id,50.111,455,start_total_in_credits,total_reg_courses,455,0.7013906581475853,0.8448179090926089,138,138,30.32967032967033,19.004395604395604,9.0,-12.0,132.0,28.372987370986614,93
clean_v1,degree_id,50.111,455,start_total_in_courses,total_reg_credits,455,0.7271823280471564,0.8440801094280905,136,136,29.89010989010989,-16.4,-13.0,-72.0,17.0,16.598073238851875,67
clean_v1,degree_id,50.111,455,start_total_in_courses,total_reg_courses,455,0.7095070043301972,0.8449281783581933,223,223,49.01098901098901,0.6505494505494506,0.0,-16.0,29.0,7.7558330134603475,39
clean_v1,degree_id,50.111,455,total_reg_credits,total_reg_courses,455,0.9987256809866042,0.9980103985722824,132,132,29.010989010989015,17.05054945054945,12.0,0.0,57.0,15.147282607856926,49
clean_v1,degree_id,53.111,211,start_total_in_credits,start_total_in_courses,211,0.9993002078109413,0.9988421366559983,47,47,22.274881516587676,15.075829383886257,13.0,0.0,47.0,12.00571029410545,42
clean_v1,degree_id,53.111,211,start_total_in_credits,total_reg_credits,211,0.9187458725415706,0.9311233230139039,92,92,43.60189573459716,-5.061611374407583,-3.0,-38.0,32.0,8.612338616120894,26
clean_v1,degree_id,53.111,211,start_total_in_credits,total_reg_courses,211,0.9151640616607561,0.9247039838311433,50,50,23.696682464454977,13.336492890995261,11.0,-5.0,47.0,11.908602133939695,47
clean_v1,degree_id,53.111,211,start_total_in_courses,total_reg_credits,211,0.9203463853226194,0.9341808656247264,46,46,21.80094786729858,-20.137440758293838,-21.0,-75.0,0.0,15.874060034865728,51
clean_v1,degree_id,53.111,211,start_total_in_courses,total_reg_courses,211,0.9178527560280955,0.9299305746759698,92,92,43.60189573459716,-1.7393364928909953,-1.0,-13.0,11.0,2.994171725129788,18
clean_v1,degree_id,53.111,211,total_reg_credits,total_reg_courses,211,0.999283492384488,0.9979924481527783,46,46,21.80094786729858,18.398104265402843,19.0,0.0,62.0,14.07777025798816,41
clean_v1,degree_id,55.111,242,start_total_in_credits,start_total_in_courses,242,0.999619864063223,0.9992596595686366,54,54,22.31404958677686,15.785123966942148,12.0,0.0,54.0,13.403539887650506,45
clean_v1,degree_id,55.111,242,start_total_in_credits,total_reg_credits,242,0.9209421912894918,0.9427063948188472,125,125,51.652892561983464,-3.475206611570248,0.0,-26.0,46.0,8.426974875884838,24
clean_v1,degree_id,55.111,242,start_total_in_credits,total_reg_courses,242,0.9188752877673109,0.9389958807101741,58,58,23.96694214876033,14.553719008264462,11.0,-3.0,69.0,13.923293365607952,52
clean_v1,degree_id,55.111,242,start_total_in_courses,total_reg_credits,242,0.9197618156581703,0.9403217044738923,54,54,22.31404958677686,-19.260330578512395,-19.5,-56.0,5.0,15.348320785271879,47
clean_v1,degree_id,55.111,242,start_total_in_courses,total_reg_courses,242,0.9184300794370396,0.9380851440517233,125,125,51.652892561983464,-1.2314049586776858,0.0,-9.0,16.0,2.9484093202904016,14
clean_v1,degree_id,55.111,242,total_reg_credits,total_reg_courses,242,0.999457039052452,0.9984744817345946,54,54,22.31404958677686,18.02892561983471,18.0,0.0,54.0,14.14694628877021,41
clean_v1,degree_id,6.111,1480,start_total_in_credits,start_total_in_courses,1480,0.9993264200259309,0.9993431693378004,31,31,2.0945945945945947,62.138513513513516,64.0,0.0,112.0,29.890069092901935,112
clean_v1,degree_id,6.111,1480,start_total_in_credits,total_reg_credits,1480,0.7597269082136042,0.7759054233311709,75,75,5.0675675675675675,-41.63918918918919,-32.0,-333.0,63.0,40.31291841113555,172
clean_v1,degree_id,6.111,1480,start_total_in_credits,total_reg_courses,1480,0.7665210027330716,0.7860386213704839,34,34,2.2972972972972974,48.51418918918919,49.0,-62.0,121.0,32.190143566276035,149
clean_v1,degree_id,6.111,1480,start_total_in_courses,total_reg_credits,1480,0.7652830082804138,0.7814214752702137,23,23,1.5540540540540542,-103.7777027027027,-101.0,-385.0,0.0,51.062595746534754,229
clean_v1,degree_id,6.111,1480,start_total_in_courses,total_reg_courses,1480,0.7726566954891014,0.7921182355846679,73,73,4.9324324324324325,-13.624324324324323,-11.0,-114.0,21.0,13.426813724458023,78
clean_v1,degree_id,6.111,1480,total_reg_credits,total_reg_courses,1480,0.9984032471174176,0.99821448884735,23,23,1.5540540540540542,90.15337837837838,91.0,0.0,271.0,40.88184613674408,187
clean_v1,degree_id,7.111,958,start_total_in_credits,start_total_in_courses,958,0.998357485892251,0.9995660244231533,92,92,9.603340292275574,27.900835073068894,24.5,0.0,82.0,21.091520215651915,83
clean_v1,degree_id,7.111,958,start_total_in_credits,total_reg_credits,958,0.9076337041162238,0.9261568817664219,160,160,16.701461377870565,-18.977035490605427,-14.0,-97.0,9.0,18.449895287902862,77
clean_v1,degree_id,7.111,958,start_total_in_credits,total_reg_courses,958,0.8900312448395885,0.9149567564884995,105,105,10.960334029227557,20.00313152400835,14.5,-16.0,79.0,20.787248688839245,93
clean_v1,degree_id,7.111,958,start_total_in_courses,total_reg_credits,958,0.9117788201871706,0.9255077432439848,86,86,8.977035490605429,-46.87787056367432,-45.0,-146.0,0.0,31.143392214679444,122
clean_v1,degree_id,7.111,958,start_total_in_courses,total_reg_courses,958,0.8971948311169979,0.9147281946018805,160,160,16.701461377870565,-7.897703549060543,-6.0,-40.0,4.0,7.557648519687505,38
clean_v1,degree_id,7.111,958,total_reg_credits,total_reg_courses,958,0.9968504743759503,0.9978540378290605,86,86,8.977035490605429,38.98016701461378,37.0,0.0,114.0,26.082631797362378,96
clean_v1,degree_id,8.111,2826,start_total_in_credits,start_total_in_courses,2826,0.998335865488339,0.9994939563900503,195,195,6.900212314225053,36.14932767162067,33.0,0.0,84.0,23.89292474028995,85
clean_v1,degree_id,8.111,2826,start_total_in_credits,total_reg_credits,2826,0.8639814024040366,0.9094167374070078,366,366,12.951167728237792,-22.536093418259025,-14.0,-247.0,36.0,28.04811806329453,160
clean_v1,degree_id,8.111,2826,start_total_in_credits,total_reg_courses,2826,0.8432571464734581,0.8915886244034041,223,223,7.89101203113942,26.773531493276717,23.0,-67.0,88.0,23.485420520958627,111
clean_v1,degree_id,8.111,2826,start_total_in_courses,total_reg_credits,2826,0.8644260804043185,0.908183784091516,184,184,6.510969568294408,-58.68542108987969,-54.0,-298.0,10.0,41.680891992514354,207
clean_v1,degree_id,8.111,2826,start_total_in_courses,total_reg_courses,2826,0.8462801548061571,0.8909785980601186,369,369,13.05732484076433,-9.375796178343949,-6.0,-98.0,14.0,11.463507385537161,75
clean_v1,degree_id,8.111,2826,total_reg_credits,total_reg_courses,2826,0.9975855680610916,0.9979699777988277,183,183,6.475583864118896,49.30962491153574,46.0,0.0,200.0,32.813131831671015,157
clean_v1,progress_quartile,"(-0.001, 32.0]",20621,start_total_in_credits,start_total_in_courses,20621,0.9851110885780937,0.9879779943005804,6884,6884,33.38344406187867,7.855632607536007,8.0,0.0,23.0,6.978640052835058,24
clean_v1,progress_quartile,"(-0.001, 32.0]",20621,start_total_in_credits,total_reg_credits,20621,0.6544783947923094,0.8056650065137957,9764,9764,47.349789049997575,-9.920663401386935,0.0,-360.0,25.0,18.37327979810651,176
clean_v1,progress_quartile,"(-0.001, 32.0]",20621,start_total_in_credits,total_reg_courses,20621,0.6571635744343935,0.8021592813289059,6765,6765,32.806362446050144,4.343048348770671,2.0,-115.0,28.0,8.356570087459014,85
clean_v1,progress_quartile,"(-0.001, 32.0]",20621,start_total_in_courses,total_reg_credits,20621,0.6534278091935627,0.8004106343513808,6391,6391,30.992677367731925,-17.77629600892294,-12.0,-360.0,9.0,21.140065726664602,174
clean_v1,progress_quartile,"(-0.001, 32.0]",20621,start_total_in_courses,total_reg_courses,20621,0.6769522690095438,0.8177508035238675,9797,9797,47.50982008631977,-3.512584258765336,0.0,-115.0,10.0,6.528553951794849,83
clean_v1,progress_quartile,"(-0.001, 32.0]",20621,total_reg_credits,total_reg_courses,20621,0.9863190945789887,0.9838212155340917,6387,6387,30.973279666359538,14.263711750157606,11.0,0.0,245.0,15.19670240836452,126
clean_v1,progress_quartile,"(128.0, 251.0]",20370,start_total_in_credits,start_total_in_courses,20370,0.34470904257362533,0.4391169717022732,0,0,0.0,110.50098183603339,101.0,72.0,188.0,27.005412531064263,185
clean_v1,progress_quartile,"(128.0, 251.0]",20370,start_total_in_credits,total_reg_credits,20370,0.5235398127885597,0.6031591289559521,1826,1826,8.964162984781542,-43.26342660775651,-24.0,-769.0,103.0,63.89439577782378,737
clean_v1,progress_quartile,"(128.0, 251.0]",20370,start_total_in_credits,total_reg_courses,20370,0.21068938175749893,0.2903024158134299,6,6,0.029455081001472753,96.4186057928326,92.0,-74.0,192.0,32.947690349952644,398
clean_v1,progress_quartile,"(128.0, 251.0]",20370,start_total_in_courses,total_reg_credits,20370,0.17960778096087993,0.2745167213093912,1,1,0.004909180166912126,-153.76440844378988,-136.0,-934.0,0.0,72.9735826672873,871
clean_v1,progress_quartile,"(128.0, 251.0]",20370,start_total_in_courses,total_reg_courses,20370,0.5177411283058841,0.6342996551558978,1961,1961,9.62690230731468,-14.082376043200785,-8.0,-216.0,35.0,20.073077955037395,192
clean_v1,progress_quartile,"(128.0, 251.0]",20370,total_reg_credits,total_reg_courses,20370,0.8207931491155602,0.7600393173215025,0,0,0.0,139.6820324005891,125.0,30.0,718.0,56.57168432892734,708
clean_v1,progress_quartile,"(32.0, 76.0]",20785,start_total_in_credits,start_total_in_courses,20785,0.9128570124538782,0.9191785144625986,0,0,0.0,33.95876834255473,34.0,18.0,55.0,8.507951112001612,40
clean_v1,progress_quartile,"(32.0, 76.0]",20785,start_total_in_credits,total_reg_credits,20785,0.41919933656770586,0.5603886248849662,4268,4268,20.534038970411356,-20.88506134231417,-8.0,-308.0,60.0,35.169700161460234,300
clean_v1,progress_quartile,"(32.0, 76.0]",20785,start_total_in_credits,total_reg_courses,20785,0.3995387819675117,0.5343827400721157,70,70,0.33678133269184507,26.604041375992303,28.0,-97.0,70.0,15.10139304207466,148
clean_v1,progress_quartile,"(32.0, 76.0]",20785,start_total_in_courses,total_reg_credits,20785,0.41295702252851324,0.5359539685951511,29,29,0.1395236949723358,-54.84382968486889,-45.0,-346.0,15.0,36.749570291720566,299
clean_v1,progress_quartile,"(32.0, 76.0]",20785,start_total_in_courses,total_reg_courses,20785,0.47527578152197797,0.6075047501970409,4486,4486,21.582872263651673,-7.354726966562425,-3.0,-132.0,21.0,12.891015898697745,128
clean_v1,progress_quartile,"(32.0, 76.0]",20785,total_reg_credits,total_reg_courses,20785,0.9721890892631452,0.9612300946209072,0,0,0.0,47.48910271830647,43.0,4.0,232.0,24.697500405080156,203
clean_v1,progress_quartile,"(76.0, 128.0]",20524,start_total_in_credits,start_total_in_courses,20524,0.7924982121696672,0.7968687143307341,0,0,0.0,64.70634379263302,64.0,42.0,93.5,10.347657756778364,88
clean_v1,progress_quartile,"(76.0, 128.0]",20524,start_total_in_credits,total_reg_credits,20524,0.3503569869030635,0.4783274644837148,2604,2604,12.687585266030013,-29.840966673163127,-15.0,-601.5,100.0,46.31325591660028,473
clean_v1,progress_quartile,"(76.0, 128.0]",20524,start_total_in_credits,total_reg_courses,20524,0.3338068351593142,0.4292654315686069,28,28,0.1364256480218281,54.22169167803547,57.0,-75.0,119.0,19.643011295315432,265
clean_v1,progress_quartile,"(76.0, 128.0]",20524,start_total_in_courses,total_reg_credits,20524,0.3048941909561931,0.4060086349645762,3,3,0.01461703371662444,-94.54731046579614,-82.0,-692.0,24.0,47.7399830504428,551
clean_v1,progress_quartile,"(76.0, 128.0]",20524,start_total_in_courses,total_reg_courses,20524,0.4730294716750251,0.5828165785578802,2820,2820,13.740011693626975,-10.484652114597544,-5.0,-160.0,35.0,16.604173877030995,160
clean_v1,progress_quartile,"(76.0, 128.0]",20524,total_reg_credits,total_reg_courses,20524,0.942346694959852,0.9149180531205972,0,0,0.0,84.06265835119859,77.0,6.0,543.0,32.361873631629955,412
clean_v2,year,2020,14941,start_total_in_credits,start_total_in_courses,14941,0.9563136116531268,0.9818344680566224,1345,1345,9.002074827655445,52.360551502576804,47.0,0.0,188.0,40.69792827734576,263
clean_v2,year,2020,14941,start_total_in_credits,total_reg_credits,14941,0.8495013618010735,0.9105116600983038,3205,3205,21.45104076032394,-28.729536175624123,-12.0,-745.0,103.0,47.85444173834583,501
clean_v2,year,2020,14941,start_total_in_credits,total_reg_courses,14941,0.8178378425184322,0.8877242193154947,1345,1345,9.002074827655445,42.50532092898735,35.0,-136.0,182.0,39.852543070958895,373
clean_v2,year,2020,14941,start_total_in_courses,total_reg_credits,14941,0.8092025339704485,0.8981327446466,1242,1242,8.312696606652835,-81.09008767820093,-69.0,-887.0,23.0,71.11809768315864,591
clean_v2,year,2020,14941,start_total_in_courses,total_reg_courses,14941,0.8575085864084913,0.9099447939971388,3246,3246,21.7254534502376,-9.855230573589452,-4.0,-207.0,35.0,15.808708104176969,157
clean_v2,year,2020,14941,total_reg_credits,total_reg_courses,14941,0.9570328233425787,0.9808329566553451,1235,1235,8.265845659594405,71.23485710461148,63.0,0.0,680.0,59.322081299858176,502
clean_v2,year,2021,17279,start_total_in_credits,start_total_in_courses,17279,0.9574827763917511,0.9840170987036555,1683,1683,9.74014699924764,51.595752068985476,44.0,0.0,188.0,42.09139512941308,271
clean_v2,year,2021,17279,start_total_in_credits,total_reg_credits,17279,0.8566980733793879,0.9211580964020454,3861,3861,22.345043115921058,-27.449100063661092,-11.0,-757.0,103.0,48.261049421643044,539
clean_v2,year,2021,17279,start_total_in_credits,total_reg_courses,17279,0.8185344759515104,0.9005215041137986,1659,1659,9.601250072342149,42.18172347936802,34.0,-100.0,190.0,40.97735314521893,387
clean_v2,year,2021,17279,start_total_in_courses,total_reg_credits,17279,0.8217294949332205,0.9098624536639383,1544,1544,8.935702297586666,-79.04485213264657,-61.0,-920.0,24.0,72.8867407612227,647
clean_v2,year,2021,17279,start_total_in_courses,total_reg_courses,17279,0.8598446858519616,0.9191352872939985,3921,3921,22.692285433184793,-9.414028589617455,-4.0,-212.0,35.0,16.109081010360967,159
clean_v2,year,2021,17279,total_reg_credits,total_reg_courses,17279,0.9601733683179606,0.9836214664312372,1536,1536,8.889403321951502,69.63082354302911,57.0,0.0,708.0,60.86395008856394,543
clean_v2,year,2022,18419,start_total_in_credits,start_total_in_courses,18419,0.9580044846735436,0.984204150363521,1463,1463,7.942885064335741,53.33403007763722,46.0,0.0,187.0,42.108606798727976,272
clean_v2,year,2022,18419,start_total_in_credits,total_reg_credits,18419,0.8545754123358117,0.9112779955245377,3575,3575,19.409305608339213,-28.133829198110647,-12.0,-757.0,100.0,47.38475690377181,530
clean_v2,year,2022,18419,start_total_in_credits,total_reg_courses,18419,0.8099056506143005,0.8925891035220309,1313,1313,7.128508605244585,43.70299690536945,37.0,-94.0,192.0,41.34782663755892,394
clean_v2,year,2022,18419,start_total_in_courses,total_reg_credits,18419,0.8212356657380677,0.8998593308309647,1210,1210,6.5693034366686565,-81.46785927574787,-64.0,-922.0,22.0,71.58495908559955,676
clean_v2,year,2022,18419,start_total_in_courses,total_reg_courses,18419,0.8525586475387765,0.9097113359271418,3728,3728,20.239969596612195,-9.631033172267767,-4.0,-212.0,33.0,16.053310885669006,162
clean_v2,year,2022,18419,total_reg_credits,total_reg_courses,18419,0.9602305999578419,0.9847282822411343,1202,1202,6.525870025517129,71.8368261034801,59.0,0.0,710.0,59.80225351078035,551
clean_v2,year,2023,19066,start_total_in_credits,start_total_in_courses,19066,0.9564352975787594,0.9832108911303584,1407,1407,7.379628658344697,55.67885240742683,49.0,0.0,188.0,42.20107358544952,276
clean_v2,year,2023,19066,start_total_in_credits,total_reg_credits,19066,0.8541624046046902,0.9135775157694567,4032,4032,21.147592573166893,-26.90443721808455,-11.25,-769.0,88.0,46.986873908309676,541
clean_v2,year,2023,19066,start_total_in_credits,total_reg_courses,19066,0.8057168436308355,0.8913077246103139,1377,1377,7.222280499318158,46.493181579775516,40.0,-115.0,188.0,41.6143227134203,380
clean_v2,year,2023,19066,start_total_in_courses,total_reg_credits,19066,0.8183640084329623,0.9020498467566834,1263,1263,6.624357495017308,-82.58328962551138,-67.0,-934.0,17.0,71.14599309440906,677
clean_v2,year,2023,19066,start_total_in_courses,total_reg_courses,19066,0.8486650138150198,0.9101905061496518,4226,4226,22.16511066820518,-9.185670827651316,-4.0,-216.0,32.0,15.957317060085746,159
clean_v2,year,2023,19066,total_reg_credits,total_reg_courses,19066,0.9591564937851639,0.9836714228343455,1260,1260,6.608622679114655,73.39761879786006,62.0,0.0,718.0,59.56570626024108,564
clean_v2,year,2024,18187,start_total_in_credits,start_total_in_courses,18187,0.9579702900569051,0.9830680987789803,1354,1354,7.444878209710233,56.94102930664761,52.0,0.0,189.0,41.65990982535001,273
clean_v2,year,2024,18187,start_total_in_credits,total_reg_credits,18187,0.8493629330443917,0.9098733862285645,4209,4209,23.1429042722824,-26.454995326331996,-10.0,-732.0,86.0,47.0129889168187,545
clean_v2,year,2024,18187,start_total_in_credits,total_reg_courses,18187,0.8018347479156438,0.8851256401749048,1331,1331,7.318414251938197,47.95576510694452,42.0,-97.0,177.0,41.35907103928238,378
clean_v2,year,2024,18187,start_total_in_courses,total_reg_credits,18187,0.8144929429779042,0.8987037329820788,1258,1258,6.917028646835652,-83.3960246329796,-71.0,-892.5,22.0,70.41222195692835,692
clean_v2,year,2024,18187,start_total_in_courses,total_reg_courses,18187,0.8426042783607328,0.9058656666207681,4378,4378,24.072139440259527,-8.985264199703085,-3.0,-191.0,32.0,16.0228310431689,154
clean_v2,year,2024,18187,total_reg_credits,total_reg_courses,18187,0.9609453029186467,0.9820054242546792,1242,1242,6.829053719689888,74.41076043327652,65.0,0.0,716.5,58.811888328313906,562
clean_v2,degree_id,1.111,15865,start_total_in_credits,start_total_in_courses,15865,0.9980828366307181,0.9987913663145549,612,612,3.857548061771195,57.05490072486606,60.0,0.0,106.0,28.96466666682551,107
clean_v2,degree_id,1.111,15865,start_total_in_credits,total_reg_credits,15865,0.7944612994888373,0.8446941799996988,3616,3616,22.79231011660889,-27.24323983611724,-7.0,-335.0,83.0,46.90623549145524,325
clean_v2,degree_id,1.111,15865,start_total_in_credits,total_reg_courses,15865,0.8104813696745052,0.8620283374146066,636,636,4.008824456350457,45.59520958083832,47.0,-97.0,137.0,31.417363165386238,198
clean_v2,degree_id,1.111,15865,start_total_in_courses,total_reg_credits,15865,0.7910468550313481,0.8419834520740191,590,590,3.7188780334068707,-84.2981405609833,-76.0,-429.0,24.0,59.62587055914669,370
clean_v2,degree_id,1.111,15865,start_total_in_courses,total_reg_courses,15865,0.8099743911341987,0.8611328856815048,3692,3692,23.27135203277655,-11.459691144027733,-3.0,-144.0,35.0,19.687790168657223,162
clean_v2,degree_id,1.111,15865,total_reg_credits,total_reg_courses,15865,0.996933845688734,0.9976309967352317,581,581,3.6621493854396467,72.83844941695557,71.0,0.0,294.0,43.182737278994786,252
clean_v2,degree_id,10.111,907,start_total_in_credits,start_total_in_courses,907,0.9983122422135298,0.9995463414948551,71,71,7.82800441014333,34.39029768467475,32.0,0.0,83.0,22.643114499511697,84
clean_v2,degree_id,10.111,907,start_total_in_credits,total_reg_credits,907,0.9076955406887681,0.9343455689027771,175,175,19.294377067254686,-17.353914002205073,-10.0,-120.0,33.0,21.84152720902589,87
clean_v2,degree_id,10.111,907,start_total_in_credits,total_reg_courses,907,0.8984172169225748,0.9258926390770278,80,80,8.820286659316427,27.38478500551268,24.0,-20.0,96.0,21.2567794674003,94
clean_v2,degree_id,10.111,907,start_total_in_courses,total_reg_credits,907,0.9049449208465308,0.931332981316352,71,71,7.82800441014333,-51.74421168687982,-48.0,-202.0,0.0,36.64820913789298,140
clean_v2,degree_id,10.111,907,start_total_in_courses,total_reg_courses,907,0.8982107602094939,0.9234190236630978,175,175,19.294377067254686,-7.005512679162073,-4.0,-48.0,15.0,8.732660045786767,47
clean_v2,degree_id,10.111,907,total_reg_credits,total_reg_courses,907,0.9980106443895933,0.9986934878042578,71,71,7.82800441014333,44.73869900771775,42.0,0.0,154.0,30.037597332229968,116
clean_v2,degree_id,11.111,2508,start_total_in_credits,start_total_in_courses,2508,0.9982986635075878,0.9995205028077045,182,182,7.256778309409888,35.42344497607655,32.0,0.0,85.0,23.941678084785938,86
clean_v2,degree_id,11.111,2508,start_total_in_credits,total_reg_credits,2508,0.8958305118404322,0.9342734579379985,333,333,13.277511961722489,-18.2707336523126,-12.0,-230.0,28.0,22.939082469169406,125
clean_v2,degree_id,11.111,2508,start_total_in_credits,total_reg_courses,2508,0.8773701244945395,0.9206901846854442,204,204,8.133971291866029,27.776315789473685,24.0,-25.0,92.0,23.31990383987197,104
clean_v2,degree_id,11.111,2508,start_total_in_courses,total_reg_credits,2508,0.8949887527724609,0.932048144973067,181,181,7.216905901116427,-53.69417862838915,-51.0,-311.0,5.0,37.397254191507294,171
clean_v2,degree_id,11.111,2508,start_total_in_courses,total_reg_courses,2508,0.8793460130583547,0.9190109754112938,344,344,13.716108452950559,-7.6471291866028706,-5.0,-93.0,12.0,9.436807426018046,70
clean_v2,degree_id,11.111,2508,total_reg_credits,total_reg_courses,2508,0.997558027537259,0.9981789183559084,180,180,7.177033492822966,46.047049441786285,44.0,0.0,218.0,30.61761831564703,136
clean_v2,degree_id,13.111,14324,start_total_in_credits,start_total_in_courses,14324,0.9991430993940116,0.9992120093010343,542,542,3.783859257190729,58.1004607651494,59.0,0.0,110.0,31.23082019747937,111
clean_v2,degree_id,13.111,14324,start_total_in_credits,total_reg_credits,14324,0.7690655326732342,0.8048578628439055,2535,2535,17.697570511030438,-41.43884389835242,-21.0,-454.0,38.0,52.82078990652143,305
clean_v2,degree_id,13.111,14324,start_total_in_credits,total_reg_courses,14324,0.7707074952673552,0.8010344573221065,553,553,3.8606534487573305,43.102974029600674,43.0,-100.0,120.0,33.09371905607666,184
clean_v2,degree_id,13.111,14324,start_total_in_courses,total_reg_credits,14324,0.7745109152818611,0.8095009646845883,499,499,3.483663781066741,-99.53930466350181,-91.0,-559.0,9.0,67.00532150349454,367
clean_v2,degree_id,13.111,14324,start_total_in_courses,total_reg_courses,14324,0.7772304626480768,0.8065727366832675,2572,2572,17.955878246299918,-14.99748673554873,-8.0,-143.0,15.0,19.138000602506597,129
clean_v2,degree_id,13.111,14324,total_reg_credits,total_reg_courses,14324,0.9978663733767195,0.9988590991571533,495,495,3.455738620497068,84.54181792795309,82.0,0.0,426.0,50.954359103582654,277
clean_v2,degree_id,2.111,18380,start_total_in_credits,start_total_in_courses,18380,0.9967722064261633,0.9986950090056784,738,738,4.015233949945593,91.82263329706203,90.0,0.0,189.0,52.05071058408312,292
clean_v2,degree_id,2.111,18380,start_total_in_credits,total_reg_credits,18380,0.8034803578334397,0.8879707661866324,3092,3092,16.822633297062023,-36.0417301414581,-13.5,-769.0,103.0,67.55757892380639,731
clean_v2,degree_id,2.111,18380,start_total_in_credits,total_reg_courses,18380,0.7936807183909402,0.8744406274141349,724,724,3.9390642002176275,82.28400435255713,81.0,-136.0,192.0,50.57717416653214,435
clean_v2,degree_id,2.111,18380,start_total_in_courses,total_reg_credits,18380,0.8004488075700102,0.8868260330457023,692,692,3.764961915125136,-127.86436343852013,-115.5,-934.0,11.0,95.3669257563354,933
clean_v2,degree_id,2.111,18380,start_total_in_courses,total_reg_courses,18380,0.7944298724747707,0.8748148390273246,3205,3205,17.437431991294886,-9.538628944504897,-4.0,-216.0,32.0,18.389903794997988,188
clean_v2,degree_id,2.111,18380,total_reg_credits,total_reg_courses,18380,0.9966522418972036,0.9978641493097008,689,689,3.748639825897715,118.32573449401524,110.0,0.0,718.0,80.45306302094612,770
clean_v2,degree_id,20.111,362,start_total_in_credits,start_total_in_courses,362,0.9969187633808908,0.9959702596612993,0,0,0.0,87.68232044198895,94.0,19.0,116.0,23.241027032747965,80
clean_v2,degree_id,20.111,362,start_total_in_credits,total_reg_credits,362,0.4290034948206852,0.41500951004122727,2,2,0.5524861878453038,-88.32596685082873,-81.0,-291.0,27.0,54.82006668790624,145
clean_v2,degree_id,20.111,362,start_total_in_credits,total_reg_courses,362,0.4158379204261641,0.40564422615270307,1,1,0.2762430939226519,58.027624309392266,60.0,-18.0,121.0,32.54069362673268,116
clean_v2,degree_id,20.111,362,start_total_in_courses,total_reg_credits,362,0.44505803147410844,0.43124356969990174,0,0,0.0,-176.00828729281767,-168.0,-399.0,-72.0,55.481447952127226,167
clean_v2,degree_id,20.111,362,start_total_in_courses,total_reg_courses,362,0.4345334498218126,0.4241318476012972,2,2,0.5524861878453038,-29.654696132596683,-27.0,-98.0,10.0,18.834005684639035,73
clean_v2,degree_id,20.111,362,total_reg_credits,total_reg_courses,362,0.9961891754723564,0.9967213212327917,0,0,0.0,146.353591160221,140.0,65.0,301.0,39.24264810485068,138
clean_v2,degree_id,21.111,852,start_total_in_credits,start_total_in_courses,852,0.996714258867552,0.9981359378921777,316,316,37.08920187793427,8.604460093896714,8.0,0.0,44.0,9.426673100734526,41
clean_v2,degree_id,21.111,852,start_total_in_credits,total_reg_credits,852,0.7654372202471263,0.834621227879054,457,457,53.63849765258216,-7.536384976525822,0.0,-78.0,16.0,12.515835894511417,62
clean_v2,degree_id,21.111,852,start_total_in_credits,total_reg_courses,852,0.7626300654268979,0.8219187009121999,267,267,31.338028169014088,6.19131455399061,2.0,-20.0,44.0,9.993759258750238,55
clean_v2,degree_id,21.111,852,start_total_in_courses,total_reg_credits,852,0.7662048137021528,0.8329891680044302,256,256,30.046948356807512,-16.140845070422536,-12.0,-88.0,0.0,16.211842974628702,67
clean_v2,degree_id,21.111,852,start_total_in_courses,total_reg_courses,852,0.7672753613969702,0.8235427732437285,458,458,53.755868544600936,-2.4131455399061035,0.0,-24.0,6.0,4.003607769291668,25
clean_v2,degree_id,21.111,852,total_reg_credits,total_reg_courses,852,0.9978211161181205,0.9950231963847966,256,256,30.046948356807512,13.727699530516432,11.0,0.0,65.0,13.186576975392187,51
clean_v2,degree_id,22.111,1255,start_total_in_credits,start_total_in_courses,1255,0.9979514734430325,0.998253558457063,241,241,19.203187250996017,8.878884462151394,7.0,0.0,40.0,7.833575470734891,37
clean_v2,degree_id,22.111,1255,start_total_in_credits,total_reg_credits,1255,0.7886222279260467,0.8395709152768791,188,188,14.9800796812749,-28.2398406374502,-21.0,-210.0,0.0,26.58777416824869,102
clean_v2,degree_id,22.111,1255,start_total_in_credits,total_reg_courses,1255,0.7936168591876968,0.8393324403058035,211,211,16.812749003984067,-3.0350597609561754,-2.0,-79.0,27.0,9.161690284877082,60
clean_v2,degree_id,22.111,1255,start_total_in_courses,total_reg_credits,1255,0.7872213786181906,0.8373932779920655,173,173,13.784860557768924,-37.11872509960159,-29.0,-213.0,0.0,31.63907943755048,120
clean_v2,degree_id,22.111,1255,start_total_in_courses,total_reg_courses,1255,0.7935977508025418,0.8383064952501379,188,188,14.9800796812749,-11.91394422310757,-9.0,-82.0,0.0,10.937064631611953,52
clean_v2,degree_id,22.111,1255,total_reg_credits,total_reg_courses,1255,0.997858791098666,0.9980400762990754,173,173,13.784860557768924,25.204780876494024,20.0,0.0,133.0,21.071995734581726,83
clean_v2,degree_id,24.111,4945,start_total_in_credits,start_total_in_courses,4945,0.999436600291123,0.9995319036783056,411,411,8.311425682507585,44.811324570273,40.0,0.0,119.0,32.51633571847614,120
clean_v2,degree_id,24.111,4945,start_total_in_credits,total_reg_credits,4945,0.8505990346467656,0.8700572628976815,640,640,12.942366026289182,-22.658038422649142,-18.0,-146.0,90.0,30.852428082120852,195
clean_v2,degree_id,24.111,4945,start_total_in_credits,total_reg_courses,4945,0.8429174709518849,0.864477308091256,383,383,7.745197168857432,37.243882709807885,31.0,-27.0,145.0,33.88487635749818,162
clean_v2,degree_id,24.111,4945,start_total_in_courses,total_reg_credits,4945,0.8502922140849195,0.8686607384443787,343,343,6.9362992922143585,-67.46936299292214,-63.0,-243.0,18.0,45.64512757809796,228
clean_v2,degree_id,24.111,4945,start_total_in_courses,total_reg_courses,4945,0.8433164762054279,0.863599170668092,646,646,13.063700707785642,-7.567441860465117,-6.0,-51.0,30.0,10.541044740402233,79
clean_v2,degree_id,24.111,4945,total_reg_credits,total_reg_courses,4945,0.9992199025928961,0.9992692740704562,341,341,6.8958543983822045,59.901921132457026,56.0,0.0,200.0,39.052008284875264,178
clean_v2,degree_id,26.111,1894,start_total_in_credits,start_total_in_courses,1894,0.999587902884254,0.9995621283306689,129,129,6.810982048574446,41.15469904963041,40.0,0.0,111.0,26.718402730483014,112
clean_v2,degree_id,26.111,1894,start_total_in_credits,total_reg_credits,1894,0.8604940406100567,0.8605736945038904,139,139,7.3389651531151,-21.154171066525873,-14.0,-141.0,23.0,22.694332833596526,121
clean_v2,degree_id,26.111,1894,start_total_in_credits,total_reg_courses,1894,0.8719636920938056,0.8711307258440032,70,70,3.695881731784583,34.97571277719113,34.0,-38.0,117.0,29.122116450466706,146
clean_v2,degree_id,26.111,1894,start_total_in_courses,total_reg_credits,1894,0.8603932684617592,0.8602126102401779,61,61,3.2206969376979937,-62.308870116156285,-61.0,-182.0,1.0,32.33913262086449,152
clean_v2,degree_id,26.111,1894,start_total_in_courses,total_reg_courses,1894,0.8723328408217116,0.8713139266940293,351,351,18.53220696937698,-6.178986272439282,-4.0,-46.0,10.0,7.51158020075212,53
clean_v2,degree_id,26.111,1894,total_reg_credits,total_reg_courses,1894,0.9986870161173237,0.9985770878794227,61,61,3.2206969376979937,56.129883843717,55.0,0.0,156.0,28.994999738095775,129
clean_v2,degree_id,27.111,988,start_total_in_credits,start_total_in_courses,988,0.9993956817525261,0.9994076333380623,84,84,8.502024291497975,37.29959514170041,36.5,0.0,106.0,25.339704576061727,99
clean_v2,degree_id,27.111,988,start_total_in_credits,total_reg_credits,988,0.8664055231461831,0.8765263427567901,126,126,12.753036437246964,-20.754048582995953,-15.0,-129.0,13.0,22.03854121053887,99
clean_v2,degree_id,27.111,988,start_total_in_credits,total_reg_courses,988,0.8771693255712001,0.8856187614858688,48,48,4.8582995951417,31.15182186234818,30.0,-30.0,106.0,26.922855507043426,121
clean_v2,degree_id,27.111,988,start_total_in_courses,total_reg_credits,988,0.8689839432132013,0.878714985954275,48,48,4.8582995951417,-58.05364372469636,-56.0,-180.0,0.0,32.85518495152904,140
clean_v2,degree_id,27.111,988,start_total_in_courses,total_reg_courses,988,0.8803130686060762,0.8883553630716627,207,207,20.951417004048583,-6.147773279352227,-4.0,-42.0,5.0,7.1317337472991325,42
clean_v2,degree_id,27.111,988,total_reg_credits,total_reg_courses,988,0.9986232620863182,0.9983876523697487,48,48,4.8582995951417,51.90587044534413,50.0,0.0,147.0,29.145935534961346,118
clean_v2,degree_id,29.111,1169,start_total_in_credits,start_total_in_courses,1169,0.9993349234307142,0.9993144631769378,96,96,8.212147134302823,35.35585970915312,33.0,0.0,111.0,25.1646285372675,103
clean_v2,degree_id,29.111,1169,start_total_in_credits,total_reg_credits,1169,0.8101566943206187,0.836603666385344,158,158,13.515825491873395,-22.485885372112918,-15.0,-211.0,24.0,27.749614601615985,121
clean_v2,degree_id,29.111,1169,start_total_in_credits,total_reg_courses,1169,0.8178434351392907,0.8447355087755822,73,73,6.244653550042772,28.472198460222412,26.0,-50.0,112.0,27.31023170026618,137
clean_v2,degree_id,29.111,1169,start_total_in_courses,total_reg_credits,1169,0.8147074287867057,0.8403865919870732,68,68,5.816937553464499,-57.84174508126604,-54.0,-253.0,1.0,37.018411316588654,159
clean_v2,degree_id,29.111,1169,start_total_in_courses,total_reg_courses,1169,0.8228812095387575,0.8490014189455627,195,195,16.680923866552607,-6.88366124893071,-4.0,-70.0,9.0,9.167774950481917,52
clean_v2,degree_id,29.111,1169,total_reg_credits,total_reg_courses,1169,0.998893288365872,0.9986733628078334,67,67,5.731394354148845,50.958083832335326,48.0,0.0,183.0,31.24125831304962,125
clean_v2,degree_id,3.111,6279,start_total_in_credits,start_total_in_courses,6279,0.9994318762262927,0.9995316586242898,333,333,5.303392259913999,51.812231247013855,50.0,0.0,113.0,31.504925156514656,114
clean_v2,degree_id,3.111,6279,start_total_in_credits,total_reg_credits,6279,0.8805150320508246,0.8963840316410644,1019,1019,16.22869883739449,-23.858098423315816,-15.0,-183.0,72.0,28.717451666466868,191
clean_v2,degree_id,3.111,6279,start_total_in_credits,total_reg_courses,6279,0.8879377424825796,0.9040001778124558,342,342,5.446727185857621,44.01911132345915,41.0,-27.0,126.0,31.303521116910314,143
clean_v2,degree_id,3.111,6279,start_total_in_courses,total_reg_credits,6279,0.8817230372496371,0.8989046416502259,305,305,4.85746137920051,-75.67032967032966,-75.0,-273.0,15.0,45.913876297938366,239
clean_v2,degree_id,3.111,6279,start_total_in_courses,total_reg_courses,6279,0.8897731819516163,0.9068438867033344,1018,1018,16.212772734511866,-7.793119923554706,-5.0,-61.0,25.0,9.449487301169802,78
clean_v2,degree_id,3.111,6279,total_reg_credits,total_reg_courses,6279,0.9990439004707545,0.9991957133718767,303,303,4.82560917343526,67.87720974677497,68.0,0.0,213.0,39.424459947670314,190
clean_v2,degree_id,30.111,489,start_total_in_credits,start_total_in_courses,489,0.9993509771078061,0.999043439774788,65,65,13.29243353783231,26.85071574642127,23.0,0.0,107.0,22.191791711434803,86
clean_v2,degree_id,30.111,489,start_total_in_credits,total_reg_credits,489,0.8012218131185017,0.8100453111122048,58,58,11.860940695296524,-24.34355828220859,-16.0,-170.0,34.0,29.79383676943656,103
clean_v2,degree_id,30.111,489,start_total_in_credits,total_reg_courses,489,0.8151810600964868,0.8191182568900537,50,50,10.224948875255624,19.198364008179958,16.0,-53.0,99.0,22.992504065883853,103
clean_v2,degree_id,30.111,489,start_total_in_courses,total_reg_credits,489,0.8018718505433253,0.8096859863428256,45,45,9.202453987730062,-51.194274028629856,-46.0,-229.0,4.0,40.00021885102221,137
clean_v2,degree_id,30.111,489,start_total_in_courses,total_reg_courses,489,0.8160087159801418,0.8188954040806867,76,76,15.541922290388548,-7.652351738241308,-5.0,-57.0,12.0,9.604142270982484,51
clean_v2,degree_id,30.111,489,total_reg_credits,total_reg_courses,489,0.9985461896614974,0.9985924219213141,44,44,8.997955010224949,43.54192229038855,40.0,0.0,187.0,32.657104221490506,111
clean_v2,degree_id,31.111,389,start_total_in_credits,start_total_in_courses,389,0.9991648515837551,0.9993358884367672,76,76,19.53727506426735,19.311053984575835,15.0,0.0,79.0,18.100190981781797,67
clean_v2,degree_id,31.111,389,start_total_in_credits,total_reg_credits,389,0.7040404938598944,0.7842069919005151,62,62,15.938303341902312,-20.53727506426735,-15.0,-119.0,53.0,27.238196607177542,89
clean_v2,degree_id,31.111,389,start_total_in_credits,total_reg_courses,389,0.7149305439037305,0.7900606955313314,57,57,14.652956298200515,12.619537275064268,7.0,-36.0,91.0,20.749220052209782,87
clean_v2,degree_id,31.111,389,start_total_in_courses,total_reg_credits,389,0.7021560303123843,0.7841114350018334,50,50,12.853470437017995,-39.84832904884319,-35.0,-150.0,11.0,32.19496228336865,104
clean_v2,degree_id,31.111,389,start_total_in_courses,total_reg_courses,389,0.7140378928104693,0.7904529504921677,62,62,15.938303341902312,-6.691516709511568,-5.0,-42.0,19.0,9.084225310822442,47
clean_v2,degree_id,31.111,389,total_reg_credits,total_reg_courses,389,0.9983939239538371,0.9991617365871621,50,50,12.853470437017995,33.15681233933162,30.0,0.0,117.0,25.4158929521451,86
clean_v2,degree_id,33.111,153,start_total_in_credits,start_total_in_courses,153,0.999525228360441,0.9993038050459278,19,19,12.418300653594772,25.41830065359477,23.0,0.0,73.0,19.14062034243465,57
clean_v2,degree_id,33.111,153,start_total_in_credits,total_reg_credits,153,0.830758637511182,0.8512830544145276,38,38,24.836601307189543,-14.352941176470589,-9.0,-77.0,12.0,19.20850640383718,40
clean_v2,degree_id,33.111,153,start_total_in_credits,total_reg_courses,153,0.8374443380213775,0.8589771610981058,19,19,12.418300653594772,20.54248366013072,17.0,-20.0,75.0,20.539751871645002,69
clean_v2,degree_id,33.111,153,start_total_in_courses,total_reg_credits,153,0.8330259604964079,0.8541150646269388,18,18,11.76470588235294,-39.77124183006536,-40.0,-122.0,0.0,26.40162892004815,69
clean_v2,degree_id,33.111,153,start_total_in_courses,total_reg_courses,153,0.8403561767102399,0.8627883695554457,42,42,27.450980392156865,-4.875816993464053,-3.0,-26.0,4.0,6.567784475274496,25
clean_v2,degree_id,33.111,153,total_reg_credits,total_reg_courses,153,0.999283473992865,0.9985669399337184,18,18,11.76470588235294,34.89542483660131,34.0,0.0,96.0,22.373375683085563,58
clean_v2,degree_id,34.111,451,start_total_in_credits,start_total_in_courses,451,0.9995364894087447,0.9994305319197992,57,57,12.638580931263856,28.172949002217294,26.0,0.0,82.0,19.93592569418486,75
clean_v2,degree_id,34.111,451,start_total_in_credits,total_reg_credits,451,0.922095847727785,0.9284075005734972,143,143,31.70731707317073,-8.747228381374724,-6.0,-53.0,44.0,13.147469890563794,42
clean_v2,degree_id,34.111,451,start_total_in_credits,total_reg_courses,451,0.9229345468261058,0.9300692892653487,57,57,12.638580931263856,25.16629711751663,23.0,-12.0,90.0,20.264941139053494,83
clean_v2,degree_id,34.111,451,start_total_in_courses,total_reg_credits,451,0.9222349254214044,0.927744594547495,55,55,12.195121951219512,-36.92017738359202,-35.0,-105.0,8.0,24.341328658422775,83
clean_v2,degree_id,34.111,451,start_total_in_courses,total_reg_courses,451,0.9239230605894528,0.9305302470692695,143,143,31.70731707317073,-3.0066518847006654,-2.0,-18.0,16.0,4.561427662560118,21
clean_v2,degree_id,34.111,451,total_reg_credits,total_reg_courses,451,0.9992802020782794,0.9986923846399638,55,55,12.195121951219512,33.91352549889135,33.0,0.0,96.0,22.046396908663972,73
clean_v2,degree_id,35.111,156,start_total_in_credits,start_total_in_courses,156,0.9994804284463644,0.9993739672410269,20,20,12.82051282051282,23.673076923076923,23.0,0.0,73.0,17.517240709779816,55
clean_v2,degree_id,35.111,156,start_total_in_credits,total_reg_credits,156,0.9383817437679745,0.9474122006278245,35,35,22.435897435897438,-13.16025641025641,-12.0,-44.0,0.0,11.522486735899978,27
clean_v2,degree_id,35.111,156,start_total_in_credits,total_reg_courses,156,0.9409184802913355,0.9475685392501207,24,24,15.384615384615385,19.192307692307693,18.0,-8.0,71.0,16.91882531749972,55
clean_v2,degree_id,35.111,156,start_total_in_courses,total_reg_credits,156,0.9396991459482472,0.9493559079553902,19,19,12.179487179487179,-36.833333333333336,-37.0,-86.0,0.0,23.347814246895297,60
clean_v2,degree_id,35.111,156,start_total_in_courses,total_reg_courses,156,0.9431077477550506,0.950680744130634,35,35,22.435897435897438,-4.480769230769231,-4.0,-15.0,0.0,3.9094115617705447,16
clean_v2,degree_id,35.111,156,total_reg_credits,total_reg_courses,156,0.9994053657830445,0.9987127147362799,19,19,12.179487179487179,32.3525641025641,31.0,0.0,78.0,20.84529945843891,54
clean_v2,degree_id,36.111,433,start_total_in_credits,start_total_in_courses,433,0.9995880682932163,0.9994854603355675,59,59,13.625866050808314,26.31177829099307,24.0,0.0,79.0,18.729118615110522,70
clean_v2,degree_id,36.111,433,start_total_in_credits,total_reg_credits,433,0.9311255578547767,0.9341275604898835,139,139,32.10161662817552,-7.436489607390301,-3.0,-46.0,37.0,11.541441380092007,42
clean_v2,degree_id,36.111,433,start_total_in_credits,total_reg_courses,433,0.9321016847391471,0.9371581838008828,62,62,14.318706697459586,23.732101616628174,22.0,-6.0,91.0,18.9480847627098,72
clean_v2,degree_id,36.111,433,start_total_in_courses,total_reg_credits,433,0.9314223679265037,0.9347877469252986,58,58,13.394919168591224,-33.748267898383375,-33.0,-86.0,4.0,22.428877364169463,77
clean_v2,degree_id,36.111,433,start_total_in_courses,total_reg_courses,433,0.9330447081000177,0.9386764176558375,139,139,32.10161662817552,-2.579676674364896,-1.0,-16.0,13.0,4.021787064417365,21
clean_v2,degree_id,36.111,433,total_reg_credits,total_reg_courses,433,0.9994642997049523,0.9990383713792328,58,58,13.394919168591224,31.168591224018474,30.0,0.0,80.0,20.461384861843047,64
clean_v2,degree_id,37.111,120,start_total_in_credits,start_total_in_courses,120,0.999471617201598,0.9993607088459215,16,16,13.333333333333334,27.75,28.0,0.0,75.0,18.278540478298773,48
clean_v2,degree_id,37.111,120,start_total_in_credits,total_reg_credits,120,0.9568686907941892,0.9604222835120119,34,34,28.333333333333332,-7.4,-3.0,-39.0,9.0,9.90492619988711,26
clean_v2,degree_id,37.111,120,start_total_in_credits,total_reg_courses,120,0.9584613614697248,0.9622853806644378,15,15,12.5,25.233333333333334,25.0,-6.0,74.0,17.594753483355657,48
clean_v2,degree_id,37.111,120,start_total_in_courses,total_reg_credits,120,0.9573538370626995,0.9610153466982563,15,15,12.5,-35.15,-34.5,-90.0,0.0,23.187815548601517,56
clean_v2,degree_id,37.111,120,start_total_in_courses,total_reg_courses,120,0.9599260812934719,0.9638294428286283,34,34,28.333333333333332,-2.5166666666666666,-1.0,-13.0,3.0,3.368123765998101,15
clean_v2,degree_id,37.111,120,total_reg_credits,total_reg_courses,120,0.9994113716358632,0.999202345165555,15,15,12.5,32.63333333333333,33.0,0.0,77.0,21.13022182822045,51
clean_v2,degree_id,39.111,335,start_total_in_credits,start_total_in_courses,335,0.9988718966086494,0.9988567152643705,74,74,22.08955223880597,9.534328358208954,8.0,0.0,41.0,8.471748616572437,36
clean_v2,degree_id,39.111,335,start_total_in_credits,total_reg_credits,335,0.8121399532345505,0.8362745324599846,63,63,18.80597014925373,-20.62686567164179,-18.0,-70.0,0.0,16.57593290055851,54
clean_v2,degree_id,39.111,335,start_total_in_credits,total_reg_courses,335,0.8178695758460404,0.8382929650309795,78,78,23.283582089552237,2.4835820895522387,0.0,-17.0,31.0,7.721511227292957,40
clean_v2,degree_id,39.111,335,start_total_in_courses,total_reg_credits,335,0.811390729577666,0.8363094252363965,57,57,17.01492537313433,-30.161194029850748,-27.0,-93.0,0.0,21.774105337319437,72
clean_v2,degree_id,39.111,335,start_total_in_courses,total_reg_courses,335,0.8182937960482067,0.8397952525487419,63,63,18.80597014925373,-7.050746268656717,-6.0,-23.0,0.0,5.682238666913154,23
clean_v2,degree_id,39.111,335,total_reg_credits,total_reg_courses,335,0.9988335899057308,0.9981658378417857,57,57,17.01492537313433,23.11044776119403,20.0,0.0,70.0,16.551400019734913,54
clean_v2,degree_id,4.111,402,start_total_in_credits,start_total_in_courses,402,0.999188347199911,0.9988243638113169,66,66,16.417910447761194,27.885572139303484,21.0,0.0,108.0,27.041518660521852,90
clean_v2,degree_id,4.111,402,start_total_in_credits,total_reg_credits,402,0.9252008240738087,0.9398518611342497,156,156,38.80597014925373,-11.482587064676617,-3.0,-111.0,16.0,20.413577831285405,72
clean_v2,degree_id,4.111,402,start_total_in_credits,total_reg_courses,402,0.9277822225279765,0.9360336999860469,72,72,17.91044776119403,24.19402985074627,17.0,-16.0,105.0,25.702929069897344,92
clean_v2,degree_id,4.111,402,start_total_in_courses,total_reg_credits,402,0.9230571927267031,0.9364414995616326,65,65,16.169154228855724,-39.3681592039801,-25.5,-181.0,5.0,38.67124407487791,114
clean_v2,degree_id,4.111,402,start_total_in_courses,total_reg_courses,402,0.9267615659913345,0.9337437744423479,158,158,39.30348258706468,-3.691542288557214,-1.0,-38.0,7.0,6.814198035885958,34
clean_v2,degree_id,4.111,402,total_reg_credits,total_reg_courses,402,0.9988624196192224,0.9984417546029437,65,65,16.169154228855724,35.67661691542288,23.5,0.0,151.0,33.881705617613406,97
clean_v2,degree_id,40.111,922,start_total_in_credits,start_total_in_courses,922,0.9987116034295079,0.9985165179384583,331,331,35.9002169197397,6.2299349240780915,5.0,0.0,36.0,6.644309999567551,32
clean_v2,degree_id,40.111,922,start_total_in_credits,total_reg_credits,922,0.7733641580491697,0.8017213570850784,337,337,36.55097613882863,-10.364425162689805,-8.0,-69.0,23.0,11.309175559728303,51
clean_v2,degree_id,40.111,922,start_total_in_credits,total_reg_courses,922,0.7714943205245052,0.7946218056425627,290,290,31.453362255965295,2.5661605206073754,0.0,-21.0,33.0,6.707351227324508,46
clean_v2,degree_id,40.111,922,start_total_in_courses,total_reg_credits,922,0.7727943633276574,0.802380976246922,262,262,28.41648590021692,-16.594360086767896,-14.0,-74.0,0.0,14.605202272204215,55
clean_v2,degree_id,40.111,922,start_total_in_courses,total_reg_courses,922,0.7723516427835103,0.7974218681245406,338,338,36.659436008676785,-3.663774403470716,-3.0,-23.0,8.0,3.995351542340097,21
clean_v2,degree_id,40.111,922,total_reg_credits,total_reg_courses,922,0.998131263485725,0.9965927109796514,262,262,28.41648590021692,12.93058568329718,11.0,0.0,56.0,11.13979657998099,42
clean_v2,degree_id,41.111,2179,start_total_in_credits,start_total_in_courses,2179,0.9951410654969381,0.9946074395278655,591,591,27.122533272143183,17.992198256080773,14.0,0.0,136.5,16.796735812726027,79
clean_v2,degree_id,41.111,2179,start_total_in_credits,total_reg_credits,2179,0.8419902234274863,0.9172264847055241,1193,1193,54.74988526847178,-1.3584212941716383,0.0,-360.0,47.0,16.184755620478363,74
clean_v2,degree_id,41.111,2179,start_total_in_credits,total_reg_courses,2179,0.8301587297486713,0.9156819352940059,577,577,26.480036714089035,17.669114272602112,14.0,-115.0,109.5,17.284464797031177,97
clean_v2,degree_id,41.111,2179,start_total_in_courses,total_reg_credits,2179,0.8301061018472583,0.9109066502840161,578,578,26.525929325378616,-19.35061955025241,-13.0,-384.5,5.0,24.090243240880287,80
clean_v2,degree_id,41.111,2179,start_total_in_courses,total_reg_courses,2179,0.8242402807131188,0.9230928738281252,1199,1199,55.02524093620927,-0.3230839834786599,0.0,-115.0,15.0,5.29473588896543,32
clean_v2,degree_id,41.111,2179,total_reg_credits,total_reg_courses,2179,0.9968521680447452,0.9861432292941863,574,574,26.342358880220285,19.02753556677375,13.0,0.0,299.5,20.644553483955022,69
clean_v2,degree_id,42.111,1730,start_total_in_credits,start_total_in_courses,1730,0.9977657842656926,0.9968865620116123,481,481,27.803468208092486,14.586127167630059,11.0,0.0,61.0,13.494459738689471,58
clean_v2,degree_id,42.111,1730,start_total_in_credits,total_reg_credits,1730,0.8965802290876764,0.9305095407621221,1122,1122,64.85549132947976,-1.0953757225433527,0.0,-105.0,67.0,10.148500132945662,68
clean_v2,degree_id,42.111,1730,start_total_in_credits,total_reg_courses,1730,0.907124117077339,0.9316490250427756,486,486,28.092485549132952,14.215028901734104,11.0,-39.0,81.0,14.778566249358272,81
clean_v2,degree_id,42.111,1730,start_total_in_courses,total_reg_credits,1730,0.8898808570152599,0.9233368913373633,473,473,27.341040462427745,-15.68150289017341,-11.0,-120.0,22.0,15.184912074469224,71
clean_v2,degree_id,42.111,1730,start_total_in_courses,total_reg_courses,1730,0.9042529539264733,0.9329573392302831,1126,1126,65.08670520231213,-0.37109826589595374,0.0,-39.0,30.0,3.810259423310875,39
clean_v2,degree_id,42.111,1730,total_reg_credits,total_reg_courses,1730,0.9964252461885602,0.9911728962501607,470,470,27.167630057803464,15.310404624277457,11.0,0.0,92.0,13.793367127044235,51
clean_v2,degree_id,44.111,1181,start_total_in_credits,start_total_in_courses,1181,0.9984499392395692,0.9971403030939627,353,353,29.88992379339543,13.297205757832346,10.0,0.0,65.0,13.136076626403582,61
clean_v2,degree_id,44.111,1181,start_total_in_credits,total_reg_credits,1181,0.8989767658558809,0.910992998833967,715,715,60.54191363251482,-1.686706181202371,0.0,-42.0,53.0,9.41420137512439,61
clean_v2,degree_id,44.111,1181,start_total_in_credits,total_reg_courses,1181,0.8868196052350181,0.906579825657852,350,350,29.635901778154107,12.732430143945809,10.0,-10.0,77.0,14.78127101497734,77
clean_v2,degree_id,44.111,1181,start_total_in_courses,total_reg_credits,1181,0.8916848468477032,0.9018985145476119,347,347,29.38187976291279,-14.983911939034716,-11.0,-65.0,14.0,13.903136285819443,61
clean_v2,degree_id,44.111,1181,start_total_in_courses,total_reg_courses,1181,0.8808059075834546,0.9039415135757308,718,718,60.79593564775614,-0.5647756138865369,0.0,-17.0,20.0,3.873671961113908,31
clean_v2,degree_id,44.111,1181,total_reg_credits,total_reg_courses,1181,0.9982383558512203,0.9922957872793475,345,345,29.212531752751904,14.41913632514818,11.0,0.0,55.0,12.91345138648304,48
clean_v2,degree_id,45.111,445,start_total_in_credits,start_total_in_courses,445,0.9996776012260901,0.9996639154531135,126,126,28.314606741573034,12.629213483146067,10.0,0.0,66.0,12.307968215233787,43
clean_v2,degree_id,45.111,445,start_total_in_credits,total_reg_credits,445,0.8483807718062275,0.8753348224674681,196,196,44.04494382022472,-6.647191011235955,-3.0,-48.0,44.0,11.08745019274024,35
clean_v2,degree_id,45.111,445,start_total_in_credits,total_reg_courses,445,0.8509433972855449,0.8778657552778205,120,120,26.96629213483146,10.42247191011236,8.0,-16.0,78.0,13.162752464224832,58
clean_v2,degree_id,45.111,445,start_total_in_courses,total_reg_credits,445,0.8450648571528051,0.8741015243931128,113,113,25.39325842696629,-19.27640449438202,-17.0,-57.0,6.0,15.901088002266876,50
clean_v2,degree_id,45.111,445,start_total_in_courses,total_reg_courses,445,0.8481101693356237,0.8774099511249243,196,196,44.04494382022472,-2.2067415730337077,-1.0,-16.0,15.0,3.741952257990888,24
clean_v2,degree_id,45.111,445,total_reg_credits,total_reg_courses,445,0.9997108054451066,0.9991481324021887,112,112,25.168539325842698,17.069662921348314,12.0,0.0,55.0,13.844604150184693,42
clean_v2,degree_id,46.111,424,start_total_in_credits,start_total_in_courses,424,0.9994582948323392,0.9982055731017189,134,134,31.60377358490566,13.15566037735849,11.0,0.0,56.0,12.7605448366208,46
clean_v2,degree_id,46.111,424,start_total_in_credits,total_reg_credits,424,0.9105667900477603,0.9255058030326834,256,256,60.37735849056604,-2.297169811320755,0.0,-36.0,35.0,8.326743011616117,33
clean_v2,degree_id,46.111,424,start_total_in_credits,total_reg_courses,424,0.9126898945130105,0.9287309820044636,129,129,30.424528301886795,12.415094339622641,11.0,-12.0,65.0,13.449576913048796,55
clean_v2,degree_id,46.111,424,start_total_in_courses,total_reg_credits,424,0.9044108625187407,0.9198694978811737,128,128,30.18867924528302,-15.452830188679245,-12.0,-60.0,4.0,14.320962549020022,49
clean_v2,degree_id,46.111,424,start_total_in_courses,total_reg_courses,424,0.9072262268982451,0.9264746043869612,256,256,60.37735849056604,-0.7405660377358491,0.0,-12.0,12.0,2.8597898152820393,20
clean_v2,degree_id,46.111,424,total_reg_credits,total_reg_courses,424,0.999613036225158,0.9975336227498145,127,127,29.952830188679247,14.712264150943396,11.0,0.0,55.0,13.25053156758914,38
clean_v2,degree_id,47.111,516,start_total_in_credits,start_total_in_courses,516,0.9995815969446102,0.9990677386911189,155,155,30.03875968992248,13.062015503875969,12.0,0.0,55.0,12.394644592348461,47
clean_v2,degree_id,47.111,516,start_total_in_credits,total_reg_credits,516,0.9197593473321489,0.9268590618187494,314,314,60.85271317829457,-3.7693798449612403,0.0,-45.0,27.0,8.014253831083083,28
clean_v2,degree_id,47.111,516,start_total_in_credits,total_reg_courses,516,0.9211865897434243,0.9284085557077099,150,150,29.069767441860467,11.819767441860465,10.0,-13.0,55.0,12.656341775184396,58
clean_v2,degree_id,47.111,516,start_total_in_courses,total_reg_credits,516,0.9179654792494883,0.9242747378348909,146,146,28.294573643410853,-16.83139534883721,-12.0,-57.0,0.0,14.839878796992085,50
clean_v2,degree_id,47.111,516,start_total_in_courses,total_reg_courses,516,0.9199669151432595,0.9279739788453475,316,316,61.240310077519375,-1.2422480620155039,0.0,-15.0,9.0,2.692931773800768,19
clean_v2,degree_id,47.111,516,total_reg_credits,total_reg_courses,516,0.999715769564867,0.998174983693652,146,146,28.294573643410853,15.589147286821705,12.0,0.0,55.0,13.551548417586337,44
clean_v2,degree_id,48.111,483,start_total_in_credits,start_total_in_courses,483,0.9995584956926904,0.9993734903715278,146,146,30.22774327122153,12.51552795031056,10.0,0.0,52.0,12.110884095277186,46
clean_v2,degree_id,48.111,483,start_total_in_credits,total_reg_credits,483,0.8965036835648774,0.9058976543316959,255,255,52.79503105590062,-5.097308488612836,0.0,-45.0,30.0,9.232859694316154,37
clean_v2,degree_id,48.111,483,start_total_in_credits,total_reg_courses,483,0.8975631693255957,0.9083024008756974,141,141,29.19254658385093,10.826086956521738,9.0,-8.0,56.0,12.388372217187898,57
clean_v2,degree_id,48.111,483,start_total_in_courses,total_reg_credits,483,0.8944647745945816,0.905004991367244,136,136,28.157349896480333,-17.612836438923395,-14.0,-60.0,1.0,15.54371431804487,52
clean_v2,degree_id,48.111,483,start_total_in_courses,total_reg_courses,483,0.8961617408731689,0.9088200820281205,255,255,52.79503105590062,-1.68944099378882,0.0,-15.0,11.0,3.109821194399704,23
clean_v2,degree_id,48.111,483,total_reg_credits,total_reg_courses,483,0.9996711017592763,0.998542016182363,134,134,27.74327122153209,15.923395445134576,12.0,0.0,52.0,13.820737743208038,41
clean_v2,degree_id,49.111,264,start_total_in_credits,start_total_in_courses,264,0.9996481778099768,0.9995074786197755,79,79,29.924242424242426,12.375,10.0,0.0,77.0,13.98123062845083,46
clean_v2,degree_id,49.111,264,start_total_in_credits,total_reg_credits,264,0.7100424061575261,0.771862347045899,106,106,40.15151515151515,-6.109848484848484,-2.0,-51.0,52.0,15.539207665833507,34
clean_v2,degree_id,49.111,264,start_total_in_credits,total_reg_courses,264,0.7182836329146354,0.7788298244414485,66,66,25.0,10.393939393939394,3.5,-10.0,95.0,17.200122722949562,59
clean_v2,degree_id,49.111,264,start_total_in_courses,total_reg_credits,264,0.7040794753863695,0.7704874907926741,64,64,24.242424242424242,-18.484848484848484,-17.0,-61.0,8.0,15.041885676064181,52
clean_v2,degree_id,49.111,264,start_total_in_courses,total_reg_courses,264,0.7127523829996633,0.778238877397591,108,108,40.909090909090914,-1.981060606060606,0.0,-17.0,18.0,5.27527603769504,23
clean_v2,degree_id,49.111,264,total_reg_credits,total_reg_courses,264,0.9996535841376877,0.9992093623814797,63,63,23.863636363636363,16.50378787878788,18.0,0.0,53.0,12.75746202457392,36
clean_v2,degree_id,5.111,161,start_total_in_credits,start_total_in_courses,161,0.9995789672613239,0.9991118105939835,24,24,14.906832298136646,39.96894409937888,30.0,0.0,110.0,34.784591121689296,72
clean_v2,degree_id,5.111,161,start_total_in_credits,total_reg_credits,161,0.602643088909012,0.7392253653590571,31,31,19.25465838509317,5.099378881987578,0.0,-155.0,74.0,44.43889132406209,54
clean_v2,degree_id,5.111,161,start_total_in_credits,total_reg_courses,161,0.6314148208728456,0.7464998082122996,22,22,13.664596273291925,42.130434782608695,24.0,-32.0,133.0,44.73884364212807,91
clean_v2,degree_id,5.111,161,start_total_in_courses,total_reg_credits,161,0.6103617212449496,0.7495817178403065,21,21,13.043478260869565,-34.869565217391305,-25.0,-170.0,13.0,37.75217385045241,78
clean_v2,degree_id,5.111,161,start_total_in_courses,total_reg_courses,161,0.6392452533843066,0.7571382515177473,32,32,19.875776397515526,2.1614906832298137,0.0,-47.0,25.0,14.364844508868696,33
clean_v2,degree_id,5.111,161,total_reg_credits,total_reg_courses,161,0.9983880273873142,0.9988112297389958,21,21,13.043478260869565,37.03105590062112,29.0,0.0,123.0,30.68966079159406,66
clean_v2,degree_id,50.111,505,start_total_in_credits,start_total_in_courses,505,0.9994587259795357,0.9996286135773075,151,151,29.9009900990099,17.584158415841586,12.0,0.0,106.0,21.467614648698476,77
clean_v2,degree_id,50.111,505,start_total_in_credits,total_reg_credits,505,0.7072446476129217,0.8212845760888371,229,229,45.34653465346535,0.37623762376237624,0.0,-47.0,86.0,22.70368628080193,73
clean_v2,degree_id,50.111,505,start_total_in_credits,total_reg_courses,505,0.6884656649566967,0.8223972250960213,139,139,27.524752475247528,17.702970297029704,9.0,-12.0,132.0,27.518372129395548,95
clean_v2,degree_id,50.111,505,start_total_in_courses,total_reg_credits,505,0.7140676655087695,0.8207385436522542,137,137,27.12871287128713,-17.207920792079207,-15.0,-72.0,17.0,16.309820802108412,67
clean_v2,degree_id,50.111,505,start_total_in_courses,total_reg_courses,505,0.6964751261628362,0.8224452031508529,229,229,45.34653465346535,0.1188118811881188,0.0,-16.0,29.0,7.637999105237222,40
clean_v2,degree_id,50.111,505,total_reg_credits,total_reg_courses,505,0.9987008910920742,0.9978088367151612,133,133,26.33663366336634,17.326732673267326,12.0,0.0,57.0,14.689179766080203,49
clean_v2,degree_id,53.111,224,start_total_in_credits,start_total_in_courses,224,0.9994018811737779,0.9989812290333163,48,48,21.428571428571427,16.272321428571427,14.5,0.0,55.0,13.0088601046969,47
clean_v2,degree_id,53.111,224,start_total_in_credits,total_reg_credits,224,0.9284207967178753,0.9384729734092054,95,95,42.410714285714285,-4.991071428571429,-3.0,-38.0,32.0,8.482105178782763,26
clean_v2,degree_id,53.111,224,start_total_in_credits,total_reg_courses,224,0.9253695772521772,0.9330223439681496,51,51,22.767857142857142,14.558035714285714,12.0,-5.0,58.0,12.978292593230053,51
clean_v2,degree_id,53.111,224,start_total_in_courses,total_reg_credits,224,0.929812331596191,0.9410640976213748,47,47,20.982142857142858,-21.263392857142858,-21.5,-75.0,0.0,16.4275088959521,51
clean_v2,degree_id,53.111,224,start_total_in_courses,total_reg_courses,224,0.9277206367812177,0.9375236695061033,95,95,42.410714285714285,-1.7142857142857142,-1.0,-13.0,11.0,2.9492830212656678,18
clean_v2,degree_id,53.111,224,total_reg_credits,total_reg_courses,224,0.9993591950020145,0.9982291729792709,47,47,20.982142857142858,19.549107142857142,20.0,0.0,62.0,14.80295992420492,44
clean_v2,degree_id,55.111,251,start_total_in_credits,start_total_in_courses,251,0.9996490738941355,0.9993191003200421,54,54,21.51394422310757,16.62948207171315,13.0,0.0,54.0,13.902595704783955,47
clean_v2,degree_id,55.111,251,start_total_in_credits,total_reg_credits,251,0.9247003780428005,0.9433208094773136,129,129,51.39442231075697,-3.3346613545816735,0.0,-26.0,46.0,8.462124661387385,25
clean_v2,degree_id,55.111,251,start_total_in_credits,total_reg_courses,251,0.9227061934627728,0.9397994826838408,58,58,23.107569721115535,15.44621513944223,11.0,-3.0,69.0,14.464304187119748,54
clean_v2,degree_id,55.111,251,start_total_in_courses,total_reg_credits,251,0.9236444088864402,0.9410645897841419,54,54,21.51394422310757,-19.96414342629482,-21.0,-56.0,5.0,15.647706194945846,50
clean_v2,degree_id,55.111,251,start_total_in_courses,total_reg_courses,251,0.922343495548283,0.9388998440830212,129,129,51.39442231075697,-1.1832669322709164,0.0,-9.0,16.0,2.962140929203429,14
clean_v2,degree_id,55.111,251,total_reg_credits,total_reg_courses,251,0.9994771930453408,0.9985887008077948,54,54,21.51394422310757,18.780876494023904,19.0,0.0,54.0,14.515777375968717,42
clean_v2,degree_id,6.111,1653,start_total_in_credits,start_total_in_courses,1653,0.9993580387117379,0.9993547411512325,33,33,1.9963702359346642,62.11554748941319,64.0,0.0,113.0,30.53274876642073,113
clean_v2,degree_id,6.111,1653,start_total_in_credits,total_reg_credits,1653,0.728645780736499,0.7499371271996635,76,76,4.597701149425287,-44.16575922565033,-34.0,-333.0,63.0,42.77863074207932,182
clean_v2,degree_id,6.111,1653,start_total_in_credits,total_reg_courses,1653,0.7371799562559221,0.7625614392225952,37,37,2.238354506957048,47.66908650937689,49.0,-62.0,121.0,33.855893781993416,157
clean_v2,degree_id,6.111,1653,start_total_in_courses,total_reg_credits,1653,0.7347760966954017,0.756148101717842,24,24,1.4519056261343013,-106.28130671506352,-104.0,-385.0,0.0,51.93536558815894,236
clean_v2,degree_id,6.111,1653,start_total_in_courses,total_reg_courses,1653,0.7438897760126966,0.7693359627801574,74,74,4.476709013914096,-14.446460980036298,-11.0,-114.0,21.0,14.24556580678379,84
clean_v2,degree_id,6.111,1653,total_reg_credits,total_reg_courses,1653,0.9982796965633554,0.9980566664541115,24,24,1.4519056261343013,91.83484573502723,92.0,0.0,271.0,41.18778169932114,193
clean_v2,degree_id,7.111,1025,start_total_in_credits,start_total_in_courses,1025,0.9983545869933008,0.9995598926006171,94,94,9.170731707317072,28.13268292682927,25.0,0.0,82.0,21.03744696781861,83
clean_v2,degree_id,7.111,1025,start_total_in_credits,total_reg_credits,1025,0.9072581427733338,0.9249403687712344,163,163,15.902439024390244,-19.454634146341462,-15.0,-97.0,9.0,18.39837322143243,77
clean_v2,degree_id,7.111,1025,start_total_in_credits,total_reg_courses,1025,0.8901180080526858,0.9143622941742009,109,109,10.634146341463415,20.060487804878047,15.0,-16.0,79.0,20.744216290991545,94
clean_v2,degree_id,7.111,1025,start_total_in_courses,total_reg_credits,1025,0.911524575868036,0.9240769492074598,88,88,8.585365853658537,-47.58731707317073,-46.0,-146.0,0.0,31.023498451557337,123
clean_v2,degree_id,7.111,1025,start_total_in_courses,total_reg_courses,1025,0.8973818819631272,0.9139116054594044,163,163,15.902439024390244,-8.07219512195122,-6.0,-40.0,4.0,7.5083714711906895,38
clean_v2,degree_id,7.111,1025,total_reg_credits,total_reg_courses,1025,0.996836529635514,0.9977806174201098,88,88,8.585365853658537,39.51512195121951,38.0,0.0,114.0,26.00003785322057,97
clean_v2,degree_id,8.111,3025,start_total_in_credits,start_total_in_courses,3025,0.9983149223349448,0.9994801251158612,200,200,6.6115702479338845,36.51801652892562,33.0,0.0,84.0,23.954910163310284,85
clean_v2,degree_id,8.111,3025,start_total_in_credits,total_reg_credits,3025,0.8600709683993252,0.906847922480451,373,373,12.330578512396695,-23.499173553719007,-15.0,-256.0,36.0,28.82083089761518,163
clean_v2,degree_id,8.111,3025,start_total_in_credits,total_reg_courses,3025,0.8394507836309589,0.8888078596190536,229,229,7.570247933884297,26.77190082644628,23.0,-67.0,88.0,23.55825979046926,112
clean_v2,degree_id,8.111,3025,start_total_in_courses,total_reg_credits,3025,0.8604561180946559,0.9055609106486681,188,188,6.214876033057851,-60.017190082644625,-55.0,-309.0,10.0,42.43497634771173,213
clean_v2,degree_id,8.111,3025,start_total_in_courses,total_reg_courses,3025,0.8424023059259017,0.8881453657934492,376,376,12.429752066115702,-9.746115702479338,-7.0,-101.0,14.0,11.737835886121367,77
clean_v2,degree_id,8.111,3025,total_reg_credits,total_reg_courses,3025,0.9976002420662757,0.9979639922380796,187,187,6.181818181818182,50.27107438016529,47.0,0.0,208.0,33.27407291335813,159
clean_v2,progress_quartile,"(-0.001, 32.0]",22480,start_total_in_credits,start_total_in_courses,22480,0.9847599174363681,0.9879997379971983,7252,7252,32.25978647686833,7.889724199288256,8.0,0.0,23.0,6.942691910460062,24
clean_v2,progress_quartile,"(-0.001, 32.0]",22480,start_total_in_credits,total_reg_credits,22480,0.6255024711963225,0.7810635467063615,9973,9973,44.36387900355872,-11.261877224199289,-3.0,-476.0,25.0,19.94613205683497,186
clean_v2,progress_quartile,"(-0.001, 32.0]",22480,start_total_in_credits,total_reg_courses,22480,0.6314362397425192,0.7767462196848917,6906,6906,30.72064056939502,3.8920373665480428,1.0,-136.0,28.0,8.699303190702347,88
clean_v2,progress_quartile,"(-0.001, 32.0]",22480,start_total_in_courses,total_reg_credits,22480,0.6250563408355254,0.7773133145943658,6480,6480,28.825622775800714,-19.151601423487545,-13.0,-476.0,9.0,22.551938799298643,183
clean_v2,progress_quartile,"(-0.001, 32.0]",22480,start_total_in_courses,total_reg_courses,22480,0.6522499704793747,0.7936089348069905,10008,10008,44.519572953736656,-3.9976868327402135,-1.0,-136.0,10.0,7.0353118467839355,86
clean_v2,progress_quartile,"(-0.001, 32.0]",22480,total_reg_credits,total_reg_courses,22480,0.9850834207691981,0.9836418297615924,6475,6475,28.803380782918147,15.15391459074733,11.0,0.0,340.0,16.095401353395985,135
clean_v2,progress_quartile,"(128.0, 253.0]",21792,start_total_in_credits,start_total_in_courses,21792,0.35376640200281506,0.4524280069619744,0,0,0.0,111.80208333333333,102.0,72.0,189.0,27.872033958222715,186
clean_v2,progress_quartile,"(128.0, 253.0]",21792,start_total_in_credits,total_reg_credits,21792,0.5163689527619024,0.6062546143242074,1896,1896,8.700440528634362,-44.76849302496329,-24.5,-769.0,103.0,65.66628224232406,760
clean_v2,progress_quartile,"(128.0, 253.0]",21792,start_total_in_credits,total_reg_courses,21792,0.19874482468447638,0.28726891229338924,7,7,0.03212187958883994,97.2086086637298,93.0,-74.0,192.0,34.22872614349252,406
clean_v2,progress_quartile,"(128.0, 253.0]",21792,start_total_in_courses,total_reg_credits,21792,0.1892608669787955,0.2876883379072527,1,1,0.004588839941262849,-156.57057635829662,-139.0,-934.0,0.0,74.69420426004821,896
clean_v2,progress_quartile,"(128.0, 253.0]",21792,start_total_in_courses,total_reg_courses,21792,0.5103500155321555,0.6263026680492481,2035,2035,9.338289280469898,-14.593474669603523,-8.0,-216.0,35.0,20.699128729469486,200
clean_v2,progress_quartile,"(128.0, 253.0]",21792,total_reg_credits,total_reg_courses,21792,0.8246180629930985,0.7650932221708275,0,0,0.0,141.9771016886931,128.0,30.0,718.0,57.83458939764755,722
clean_v2,progress_quartile,"(32.0, 75.0]",21673,start_total_in_credits,start_total_in_courses,21673,0.9105081778783963,0.9169977289885,0,0,0.0,33.601439579199926,33.0,18.0,55.0,8.324098523975755,40
clean_v2,progress_quartile,"(32.0, 75.0]",21673,start_total_in_credits,total_reg_credits,21673,0.38752309724943357,0.5319172935982563,4301,4301,19.844968393854103,-22.805172334240762,-9.0,-321.0,60.0,37.75618997491899,313
clean_v2,progress_quartile,"(32.0, 75.0]",21673,start_total_in_credits,total_reg_courses,21673,0.37012755487691984,0.5062253215668648,80,80,0.36912287177594244,25.573432381303927,27.0,-97.0,70.0,15.783415486771897,151
clean_v2,progress_quartile,"(32.0, 75.0]",21673,start_total_in_courses,total_reg_credits,21673,0.38151970450769584,0.5105199340366946,33,33,0.15226318460757624,-56.406611913440685,-45.0,-362.0,15.0,39.17130988623947,311
clean_v2,progress_quartile,"(32.0, 75.0]",21673,start_total_in_courses,total_reg_courses,21673,0.4447428001966766,0.5810191324853967,4516,4516,20.836986111751948,-8.028007197895999,-3.0,-138.0,21.0,13.753653160182358,132
clean_v2,progress_quartile,"(32.0, 75.0]",21673,total_reg_credits,total_reg_courses,21673,0.9726618563553374,0.9629731973876177,0,0,0.0,48.37860471554469,43.0,4.0,232.0,26.23602003325986,215
clean_v2,progress_quartile,"(75.0, 128.0]",21947,start_total_in_credits,start_total_in_courses,21947,0.8005223968938482,0.8063755535695813,0,0,0.0,64.30787806989565,64.0,42.0,93.5,10.50345307790803,88
clean_v2,progress_quartile,"(75.0, 128.0]",21947,start_total_in_credits,total_reg_credits,21947,0.34016816087404317,0.46944745576463753,2712,2712,12.35704196473322,-31.56770857064747,-16.0,-601.5,100.0,48.246809425612696,493
clean_v2,progress_quartile,"(75.0, 128.0]",21947,start_total_in_credits,total_reg_courses,21947,0.3242767176996719,0.4233600788680553,32,32,0.1458058048936073,53.19132455460883,56.0,-75.0,119.0,20.414165077140364,271
clean_v2,progress_quartile,"(75.0, 128.0]",21947,start_total_in_courses,total_reg_credits,21947,0.3049096457548685,0.40636505916092547,3,3,0.013669294208775686,-95.87558664054313,-82.0,-692.0,24.0,49.581867361952405,574
clean_v2,progress_quartile,"(75.0, 128.0]",21947,start_total_in_courses,total_reg_courses,21947,0.46394601149419296,0.5740212751529347,2940,2940,13.395908324600173,-11.116553515286828,-5.0,-160.0,35.0,17.33867702439672,163
clean_v2,progress_quartile,"(75.0, 128.0]",21947,total_reg_credits,total_reg_courses,21947,0.9457210422740537,0.9197057128361751,0,0,0.0,84.7590331252563,77.0,6.0,543.0,33.47759553685331,423
train_v2_course,year,2020,60963,start_total_in_credits,start_total_in_courses,60963,0.9654071207490048,0.9827937017838098,6645,6645,10.90005413119433,48.85584698915736,46.0,0.0,187.0,36.34994120813394,253
train_v2_course,year,2020,60963,start_total_in_credits,total_reg_credits,60963,0.8951575374156324,0.9260739420488797,16290,16290,26.72112592884208,-20.34903137968932,-8.0,-291.0,103.0,34.06213584941175,380
train_v2_course,year,2020,60963,start_total_in_credits,total_reg_courses,60963,0.8668076470755357,0.911010222495809,6653,6653,10.913176844971542,41.64032281875892,36.0,-79.0,182.0,35.31452616581151,323
train_v2_course,year,2020,60963,start_total_in_courses,total_reg_credits,60963,0.8647827207912273,0.9142825250101474,6379,6379,10.463723898102128,-69.20487836884668,-62.0,-398.5,23.0,56.29934986483528,473
train_v2_course,year,2020,60963,start_total_in_courses,total_reg_courses,60963,0.9015113887460857,0.9316008065722844,16485,16485,27.040992077161558,-7.215524170398439,-3.0,-98.0,35.0,12.189512711175396,115
train_v2_course,year,2020,60963,total_reg_credits,total_reg_courses,60963,0.9662932304958082,0.982480714186399,6337,6337,10.39482965077178,61.98935419844824,58.0,0.0,338.0,47.76000466413405,402
train_v2_course,year,2021,70082,start_total_in_credits,start_total_in_courses,70082,0.9656923454019546,0.9857625648113576,8266,8266,11.794754715904226,47.27375788362204,42.0,0.0,186.0,37.15826602763896,266
train_v2_course,year,2021,70082,start_total_in_credits,total_reg_credits,70082,0.9030730416210664,0.9398751274144994,19623,19623,28.000057075996686,-18.427913016181044,-6.0,-321.0,103.0,33.587442040838326,419
train_v2_course,year,2021,70082,start_total_in_credits,total_reg_courses,70082,0.872422172053417,0.9268878304537664,8320,8320,11.871807311435175,40.78123483918838,35.0,-100.0,190.0,35.78353529581475,351
train_v2_course,year,2021,70082,start_total_in_courses,total_reg_credits,70082,0.874486231146872,0.9292115128722563,7989,7989,11.3995034388288,-65.70167089980309,-53.0,-416.5,24.0,57.11005243376656,522
train_v2_course,year,2021,70082,start_total_in_courses,total_reg_courses,70082,0.9070073060643221,0.9432041200414543,19884,19884,28.37247795439628,-6.492523044433663,-2.0,-100.0,35.0,11.991671376001936,124
train_v2_course,year,2021,70082,total_reg_credits,total_reg_courses,70082,0.96831158270215,0.9853150694594497,7960,7960,11.358123341228845,59.20914785536942,50.0,0.0,349.5,48.67667998600249,441
train_v2_course,year,2022,74324,start_total_in_credits,start_total_in_courses,74324,0.9656968438044286,0.9857722087923868,7256,7256,9.762660782519779,48.540605995371614,44.0,0.0,187.0,36.365533309037914,264
train_v2_course,year,2022,74324,start_total_in_credits,total_reg_credits,74324,0.8943513685687894,0.9305617831843336,18590,18590,25.01210914374899,-18.580404714493298,-7.0,-265.5,100.0,33.327616319984344,421
train_v2_course,year,2022,74324,start_total_in_credits,total_reg_courses,74324,0.863908018020545,0.9197660958560903,6698,6698,9.011893870082343,42.0847774608471,38.0,-53.0,192.0,35.42308123591242,349
train_v2_course,year,2022,74324,start_total_in_courses,total_reg_credits,74324,0.8640029517723531,0.918220705743422,6419,6419,8.636510413863624,-67.12101070986492,-56.0,-430.5,22.0,55.42605031146077,564
train_v2_course,year,2022,74324,start_total_in_courses,total_reg_courses,74324,0.8973843384575231,0.9339240771683477,19317,19317,25.990258866584142,-6.455828534524514,-3.0,-97.0,33.0,11.890500949222918,121
train_v2_course,year,2022,74324,total_reg_credits,total_reg_courses,74324,0.9676202744533475,0.98579018660968,6373,6373,8.574619234702114,60.665182175340405,52.0,0.0,359.5,47.17000386268602,462
train_v2_course,year,2023,77014,start_total_in_credits,start_total_in_courses,77014,0.9631945668239567,0.9841799920769139,6906,6906,8.967200768691406,50.83169293894617,47.0,0.0,187.0,36.43769156624395,268
train_v2_course,year,2023,77014,start_total_in_credits,total_reg_credits,77014,0.8981095276351947,0.9382263284800852,21041,21041,27.321006570233987,-16.72646531799413,-6.0,-360.0,86.0,32.03623396131676,422
train_v2_course,year,2023,77014,start_total_in_credits,total_reg_courses,77014,0.8636393600621234,0.9230406684267787,6887,6887,8.942529929623186,45.059690445892954,41.0,-115.0,184.0,35.62241891593787,331
train_v2_course,year,2023,77014,start_total_in_courses,total_reg_credits,77014,0.8645854922399232,0.9241685663234539,6575,6575,8.537408782818709,-67.5581582569403,-58.0,-409.0,17.0,54.315707106234235,565
train_v2_course,year,2023,77014,start_total_in_courses,total_reg_courses,77014,0.8984336151073503,0.9387258783814431,21964,21964,28.519489962863897,-5.772002493053211,-2.0,-115.0,32.0,11.391893058319594,120
train_v2_course,year,2023,77014,total_reg_credits,total_reg_courses,77014,0.9657165303066233,0.9840268606009079,6560,6560,8.517931804606954,61.78615576388709,55.0,0.0,344.0,46.62017844792698,472
train_v2_course,year,2024,74433,start_total_in_credits,start_total_in_courses,74433,0.9636375259919572,0.9830559938306521,6998,6998,9.401743850173983,52.82726747544772,51.0,0.0,187.0,36.930562832343334,263
train_v2_course,year,2024,74433,start_total_in_credits,total_reg_credits,74433,0.9022638586178332,0.9402501459408461,22212,22212,29.841602515013506,-16.086191608560718,-4.0,-268.0,86.0,31.444604039850983,420
train_v2_course,year,2024,74433,start_total_in_credits,total_reg_courses,74433,0.8698786559928341,0.9227277449027476,7085,7085,9.518627490494808,47.34805798503352,43.0,-55.0,177.0,36.1715175152413,324
train_v2_course,year,2024,74433,start_total_in_courses,total_reg_credits,74433,0.8671615879750202,0.9252647601641301,6925,6925,9.303669071513978,-68.91345908400844,-63.0,-433.0,22.0,54.224081968784894,565
train_v2_course,year,2024,74433,start_total_in_courses,total_reg_courses,74433,0.9024963449759045,0.9406477864875343,23034,23034,30.94595139252751,-5.479209490414198,-1.0,-94.0,32.0,11.056026997684949,118
train_v2_course,year,2024,74433,total_reg_credits,total_reg_courses,74433,0.9661195932314547,0.9815780058202261,6861,6861,9.217685703921648,63.43424959359424,59.0,0.0,367.0,46.90642493750701,475
train_v2_course,degree_id,1.111,76474,start_total_in_credits,start_total_in_courses,76474,0.9981378886553715,0.9988051343210189,3083,3083,4.031435520569082,57.44985223736172,60.0,0.0,106.0,28.229724507572048,107
train_v2_course,degree_id,1.111,76474,start_total_in_credits,total_reg_credits,76474,0.8776680249751694,0.9026568404656993,21136,21136,27.638151528624107,-15.561903392002511,-3.0,-237.0,83.0,31.335027971851375,246
train_v2_course,degree_id,1.111,76474,start_total_in_credits,total_reg_courses,76474,0.8891616602754093,0.9155034201561653,3127,3127,4.088971415121479,50.87288490205822,53.0,-59.0,137.0,28.35539950160548,167
train_v2_course,degree_id,1.111,76474,start_total_in_courses,total_reg_credits,76474,0.873546494129625,0.8992876021025978,3037,3037,3.9712843580824857,-73.01175562936423,-70.0,-330.0,24.0,46.20967027215793,294
train_v2_course,degree_id,1.111,76474,start_total_in_courses,total_reg_courses,76474,0.8882346624860562,0.9141027794071848,21576,21576,28.21351047414808,-6.576967335303502,-2.0,-105.0,35.0,13.06494395146258,116
train_v2_course,degree_id,1.111,76474,total_reg_credits,total_reg_courses,76474,0.9971627687414264,0.9978054434165591,2984,2984,3.901979757826189,66.43478829406072,67.0,0.0,242.0,36.44258497306521,198
train_v2_course,degree_id,10.111,3871,start_total_in_credits,start_total_in_courses,3871,0.9984320797537313,0.9996144739883919,424,424,10.953242056316197,31.520537328855593,29.0,0.0,83.0,22.20403458276326,84
train_v2_course,degree_id,10.111,3871,start_total_in_credits,total_reg_credits,3871,0.9358867097997263,0.9622410470132023,963,963,24.87729268922759,-13.055541203823301,-8.0,-111.0,33.0,17.604080002198884,78
train_v2_course,degree_id,10.111,3871,start_total_in_credits,total_reg_courses,3871,0.9285454222300057,0.9574325941362105,465,465,12.012399896667528,26.1929733918884,23.0,-15.0,96.0,20.517509059439973,89
train_v2_course,degree_id,10.111,3871,start_total_in_courses,total_reg_credits,3871,0.9337714095000671,0.9601422750217571,424,424,10.953242056316197,-44.57607853267889,-41.0,-188.0,0.0,33.385197422565916,130
train_v2_course,degree_id,10.111,3871,start_total_in_courses,total_reg_courses,3871,0.9290868086358768,0.9558936912009673,963,963,24.87729268922759,-5.327563936967192,-3.0,-45.0,15.0,7.111599305656815,40
train_v2_course,degree_id,10.111,3871,total_reg_credits,total_reg_courses,3871,0.9982940398131926,0.9990824263378791,424,424,10.953242056316197,39.248514595711704,36.0,0.0,143.0,28.15729594574853,111
train_v2_course,degree_id,11.111,10380,start_total_in_credits,start_total_in_courses,10380,0.9983140459957223,0.9995464351870557,1085,1085,10.452793834296724,32.159730250481694,29.0,0.0,85.0,22.67683540062292,86
train_v2_course,degree_id,11.111,10380,start_total_in_credits,total_reg_credits,10380,0.941534574416904,0.9545210391182921,1862,1862,17.9383429672447,-13.558092485549134,-9.0,-129.0,28.0,15.887842669152993,102
train_v2_course,degree_id,11.111,10380,start_total_in_credits,total_reg_courses,10380,0.9292047761295701,0.9443488436185358,1163,1163,11.204238921001927,26.43053949903661,23.0,-12.0,92.0,21.449355582330995,97
train_v2_course,degree_id,11.111,10380,start_total_in_courses,total_reg_credits,10380,0.9414589613262744,0.9529205912936831,1077,1077,10.375722543352602,-45.717822736030826,-44.0,-187.0,5.0,31.737819553006045,146
train_v2_course,degree_id,11.111,10380,start_total_in_courses,total_reg_courses,10380,0.9321272523760743,0.9432980281420692,1905,1905,18.352601156069365,-5.729190751445087,-4.0,-52.0,12.0,6.601813693302356,53
train_v2_course,degree_id,11.111,10380,total_reg_credits,total_reg_courses,10380,0.9977672142600108,0.9985941551321093,1077,1077,10.375722543352602,39.988631984585744,38.0,0.0,146.0,27.279073699297815,122
train_v2_course,degree_id,13.111,61361,start_total_in_credits,start_total_in_courses,61361,0.9991263916633685,0.9991468310982304,3069,3069,5.001548214664037,57.161584719936116,59.0,0.0,110.0,30.58855336974832,111
train_v2_course,degree_id,13.111,61361,start_total_in_credits,total_reg_credits,61361,0.8259297742257431,0.8573180624113864,14035,14035,22.872834536594905,-30.110738090969836,-12.0,-321.0,38.0,43.09392968083666,268
train_v2_course,degree_id,13.111,61361,start_total_in_credits,total_reg_courses,61361,0.8246536100634997,0.854152833379303,3100,3100,5.0520689037010476,46.303547856130116,46.0,-100.0,120.0,30.646095192505438,171
train_v2_course,degree_id,13.111,61361,start_total_in_courses,total_reg_credits,61361,0.8306159981575145,0.861426207073019,2968,2968,4.836948550382165,-87.27232281090595,-81.0,-374.0,9.0,59.14580594252179,336
train_v2_course,degree_id,13.111,61361,start_total_in_courses,total_reg_courses,61361,0.8304444248814216,0.8592177886836284,14210,14210,23.15803197470706,-10.858036863806001,-5.0,-100.0,15.0,15.755414602436348,110
train_v2_course,degree_id,13.111,61361,total_reg_credits,total_reg_courses,61361,0.9983940485130721,0.9989733846882826,2952,2952,4.810873356040482,76.41428594709996,75.0,0.0,285.0,46.35674148433307,250
train_v2_course,degree_id,2.111,60999,start_total_in_credits,start_total_in_courses,60999,0.9962983063344824,0.9984084470902325,3841,3841,6.296824538107182,75.92272004459089,71.5,0.0,187.0,47.20277028987069,278
train_v2_course,degree_id,2.111,60999,start_total_in_credits,total_reg_credits,60999,0.8970612339643017,0.9291196851390745,14216,14216,23.30530008688667,-18.682757094378598,-5.0,-268.0,103.0,38.60503583932639,507
train_v2_course,degree_id,2.111,60999,start_total_in_credits,total_reg_courses,60999,0.8871479786193268,0.9192321517031418,3810,3810,6.246004032852998,71.16429777537337,67.0,-65.0,192.0,45.53859648067853,367
train_v2_course,degree_id,2.111,60999,start_total_in_courses,total_reg_credits,60999,0.8916403019211685,0.92624958963584,3737,3737,6.126329939835079,-94.60547713896949,-83.0,-433.0,11.0,68.8475434789897,687
train_v2_course,degree_id,2.111,60999,start_total_in_courses,total_reg_courses,60999,0.886710893346065,0.9183624762556821,14657,14657,24.028262758405873,-4.758422269217528,-1.0,-71.0,32.0,10.885815038725069,98
train_v2_course,degree_id,2.111,60999,total_reg_credits,total_reg_courses,60999,0.9967962334138202,0.9979695612399562,3723,3723,6.103378743913835,89.84705486975196,82.0,0.0,367.0,61.24032678431843,573
train_v2_course,degree_id,20.111,1408,start_total_in_credits,start_total_in_courses,1408,0.9964480886379584,0.9941149789460985,0,0,0.0,84.42826704545455,91.0,19.0,116.0,22.37854775027243,80
train_v2_course,degree_id,20.111,1408,start_total_in_credits,total_reg_credits,1408,0.4327700601832274,0.4364639963132095,11,11,0.78125,-83.76917613636364,-72.0,-291.0,27.0,54.98761236890469,136
train_v2_course,degree_id,20.111,1408,start_total_in_credits,total_reg_courses,1408,0.4188496157631977,0.42448022962986687,5,5,0.35511363636363635,56.35511363636363,58.0,-18.0,121.0,31.410984131047126,110
train_v2_course,degree_id,20.111,1408,start_total_in_courses,total_reg_credits,1408,0.45380493799938254,0.45663476254489543,0,0,0.0,-168.1974431818182,-158.0,-399.0,-72.0,56.14968262715005,159
train_v2_course,degree_id,20.111,1408,start_total_in_courses,total_reg_courses,1408,0.44292863686594003,0.4483416723917356,11,11,0.78125,-28.07315340909091,-24.0,-98.0,10.0,18.94764164239751,71
train_v2_course,degree_id,20.111,1408,total_reg_credits,total_reg_courses,1408,0.9966121722574017,0.9967834698739703,0,0,0.0,140.12428977272728,134.0,65.0,301.0,39.51798461760446,130
train_v2_course,degree_id,21.111,2667,start_total_in_credits,start_total_in_courses,2667,0.9973402483342368,0.9985928749334808,1263,1263,47.35658042744657,7.123734533183352,3.0,0.0,38.0,8.760829063678237,38
train_v2_course,degree_id,21.111,2667,start_total_in_credits,total_reg_credits,2667,0.8786985403284192,0.9226335411213703,1879,1879,70.45369328833895,-3.3674540682414698,0.0,-56.0,16.0,7.4766426741111776,46
train_v2_course,degree_id,21.111,2667,start_total_in_credits,total_reg_courses,2667,0.873200212432821,0.9150918405662848,1206,1206,45.219347581552306,6.041244844394451,0.0,-16.0,37.0,8.856390775285373,50
train_v2_course,degree_id,21.111,2667,start_total_in_courses,total_reg_credits,2667,0.879628961276454,0.9215710862291902,1185,1185,44.43194600674916,-10.491188601424822,-10.0,-61.0,0.0,12.090285246795762,50
train_v2_course,degree_id,21.111,2667,start_total_in_courses,total_reg_courses,2667,0.8780971488079824,0.9169085250949751,1882,1882,70.56617922759655,-1.0824896887889013,0.0,-18.0,6.0,2.410580288023232,22
train_v2_course,degree_id,21.111,2667,total_reg_credits,total_reg_courses,2667,0.9978908534830403,0.9962711806848464,1185,1185,44.43194600674916,9.40869891263592,10.0,0.0,48.0,10.578902240431812,39
train_v2_course,degree_id,22.111,2160,start_total_in_credits,start_total_in_courses,2160,0.9984254984365188,0.999061937697893,809,809,37.4537037037037,5.906944444444444,4.0,0.0,40.0,6.871017591224923,32
train_v2_course,degree_id,22.111,2160,start_total_in_credits,total_reg_credits,2160,0.8537383787986782,0.9083269635286253,788,788,36.48148148148148,-15.17962962962963,-9.0,-210.0,0.0,19.211341405128184,77
train_v2_course,degree_id,22.111,2160,start_total_in_credits,total_reg_courses,2160,0.8565201229594246,0.9097752451342896,818,818,37.870370370370374,-0.49074074074074076,0.0,-79.0,25.0,6.332014088375384,47
train_v2_course,degree_id,22.111,2160,start_total_in_courses,total_reg_credits,2160,0.853694947326906,0.9081184377556252,739,739,34.21296296296296,-21.086574074074075,-13.0,-213.0,0.0,24.188743804511063,90
train_v2_course,degree_id,22.111,2160,start_total_in_courses,total_reg_courses,2160,0.8579620062628259,0.910558303165793,788,788,36.48148148148148,-6.3976851851851855,-4.0,-82.0,0.0,7.938315583069197,41
train_v2_course,degree_id,22.111,2160,total_reg_credits,total_reg_courses,2160,0.9982243616538127,0.9983564046411048,739,739,34.21296296296296,14.688888888888888,9.0,0.0,131.0,16.55016002398512,67
train_v2_course,degree_id,24.111,19538,start_total_in_credits,start_total_in_courses,19538,0.9994478115706363,0.9995405787404325,1779,1779,9.10533319684717,46.10006141877367,43.0,0.0,119.0,32.22919103021534,120
train_v2_course,degree_id,24.111,19538,start_total_in_credits,total_reg_credits,19538,0.8649024653597374,0.8814008881163671,3125,3125,15.994472310369536,-18.977582147609787,-15.0,-136.0,90.0,29.27127610998991,187
train_v2_course,degree_id,24.111,19538,start_total_in_credits,total_reg_courses,19538,0.8577983601303759,0.8758070429533792,1824,1824,9.33565359811649,39.76870713481421,34.0,-27.0,145.0,33.15626427774887,157
train_v2_course,degree_id,24.111,19538,start_total_in_courses,total_reg_credits,19538,0.8636245090530072,0.8790922020637325,1710,1710,8.752175248234211,-65.07764356638346,-61.0,-243.0,18.0,45.03424005158281,224
train_v2_course,degree_id,24.111,19538,start_total_in_courses,total_reg_courses,19538,0.8572141864067703,0.8740082159355934,3156,3156,16.153137475688403,-6.331354283959463,-5.0,-49.0,30.0,10.022207037020488,78
train_v2_course,degree_id,24.111,19538,total_reg_credits,total_reg_courses,19538,0.9992642869782196,0.9993194779148249,1699,1699,8.695874705701709,58.746289282423994,56.0,0.0,200.0,38.768249763706855,177
train_v2_course,degree_id,26.111,8239,start_total_in_credits,start_total_in_courses,8239,0.9996002865592973,0.9995790959797769,644,644,7.816482582837724,40.64473843913096,40.0,0.0,111.0,26.67901317137525,112
train_v2_course,degree_id,26.111,8239,start_total_in_credits,total_reg_credits,8239,0.8771897980188818,0.8782723306662336,682,682,8.277703604806408,-19.057409879839785,-12.0,-141.0,23.0,20.91807580196993,119
train_v2_course,degree_id,26.111,8239,start_total_in_credits,total_reg_courses,8239,0.8862583091215759,0.8861736684172307,325,325,3.9446534773637576,35.159364000485496,35.0,-36.0,117.0,28.995733826284003,145
train_v2_course,degree_id,26.111,8239,start_total_in_courses,total_reg_credits,8239,0.8769832689305869,0.8777742593671302,294,294,3.5683942225998297,-59.70214831897075,-59.0,-182.0,1.0,30.94696861910965,149
train_v2_course,degree_id,26.111,8239,start_total_in_courses,total_reg_courses,8239,0.886522153346407,0.8862229043200998,1737,1737,21.082655662094915,-5.485374438645467,-3.0,-46.0,10.0,6.980985408493039,51
train_v2_course,degree_id,26.111,8239,total_reg_credits,total_reg_courses,8239,0.9987870038568256,0.9986901320678264,294,294,3.5683942225998297,54.216773880325285,53.0,0.0,141.0,28.215719589970018,125
train_v2_course,degree_id,27.111,4227,start_total_in_credits,start_total_in_courses,4227,0.9994411207193004,0.9994676209759746,381,381,9.013484740951029,38.16796782588124,38.0,0.0,106.0,25.445304047504592,99
train_v2_course,degree_id,27.111,4227,start_total_in_credits,total_reg_credits,4227,0.9046862996719763,0.9109216278287783,615,615,14.549325762952448,-17.739768157085404,-12.0,-122.0,13.0,18.26417688681226,81
train_v2_course,degree_id,27.111,4227,start_total_in_credits,total_reg_courses,4227,0.9134387085296306,0.9192125454200044,221,221,5.228294298556896,33.03737875561864,33.0,-30.0,106.0,26.58337523068013,119
train_v2_course,degree_id,27.111,4227,start_total_in_courses,total_reg_credits,4227,0.9058514258398531,0.9120389838400791,221,221,5.228294298556896,-55.90773598296664,-55.0,-151.0,0.0,30.902170785563612,131
train_v2_course,degree_id,27.111,4227,start_total_in_courses,total_reg_courses,4227,0.9151944982162824,0.9208755615614483,1011,1011,23.917672107877927,-5.130589070262598,-3.0,-38.0,5.0,5.898452772516769,33
train_v2_course,degree_id,27.111,4227,total_reg_credits,total_reg_courses,4227,0.9986407804816066,0.9983713838398663,221,221,5.228294298556896,50.77714691270405,50.0,0.0,128.0,28.288613247524168,111
train_v2_course,degree_id,29.111,4716,start_total_in_credits,start_total_in_courses,4716,0.9994359784748372,0.9994352457565988,432,432,9.16030534351145,35.8539016115352,34.0,0.0,111.0,25.131207497621656,103
train_v2_course,degree_id,29.111,4716,start_total_in_credits,total_reg_credits,4716,0.870082830475843,0.8772507445104067,738,738,15.648854961832063,-18.04474130619169,-12.0,-106.0,24.0,22.060946908300593,104
train_v2_course,degree_id,29.111,4716,start_total_in_credits,total_reg_courses,4716,0.8765180531095077,0.8837373802986002,308,308,6.530958439355386,30.456318914334183,28.0,-27.0,112.0,26.492064486210552,128
train_v2_course,degree_id,29.111,4716,start_total_in_courses,total_reg_credits,4716,0.8728291543405791,0.8798546087314014,298,298,6.3189143341815095,-53.89864291772689,-52.0,-178.0,1.0,33.47274908563499,148
train_v2_course,degree_id,29.111,4716,start_total_in_courses,total_reg_courses,4716,0.8795773194628678,0.8866279315672768,924,924,19.59287531806616,-5.397582697201018,-4.0,-35.0,9.0,7.259783795084959,43
train_v2_course,degree_id,29.111,4716,total_reg_credits,total_reg_courses,4716,0.9989411126218384,0.9987967788917022,293,293,6.212892281594572,48.50106022052587,46.0,0.0,146.0,29.533377040682726,119
train_v2_course,degree_id,3.111,24543,start_total_in_credits,start_total_in_courses,24543,0.9994009196600111,0.9995447870346268,1489,1489,6.066902986594956,52.07423705333496,52.0,0.0,113.0,30.23734834518061,114
train_v2_course,degree_id,3.111,24543,start_total_in_credits,total_reg_credits,24543,0.910666074814775,0.9221365982778191,4758,4758,19.38638308275272,-19.20832824023143,-12.0,-155.0,72.0,24.28525321387018,174
train_v2_course,degree_id,3.111,24543,start_total_in_credits,total_reg_courses,24543,0.9161613467537102,0.9281065034983991,1497,1497,6.099498838772766,45.78217821782178,44.0,-15.0,126.0,29.276747165082874,133
train_v2_course,degree_id,3.111,24543,start_total_in_courses,total_reg_credits,24543,0.9110917556973022,0.9233300338861591,1416,1416,5.769465835472436,-71.28256529356639,-70.0,-263.0,15.0,43.11302309698362,228
train_v2_course,degree_id,3.111,24543,start_total_in_courses,total_reg_courses,24543,0.9173193884301338,0.929690091706417,4753,4753,19.366010675141588,-6.292058835513181,-4.0,-51.0,25.0,8.002593404173973,70
train_v2_course,degree_id,3.111,24543,total_reg_credits,total_reg_courses,24543,0.9991176373757609,0.9992805175690139,1405,1405,5.724646538727947,64.99050645805322,66.0,0.0,213.0,37.60479546116011,183
train_v2_course,degree_id,30.111,1874,start_total_in_credits,start_total_in_courses,1874,0.9994434446714956,0.9992358384973488,263,263,14.034151547491996,28.374066168623266,24.0,0.0,107.0,23.21611803196211,85
train_v2_course,degree_id,30.111,1874,start_total_in_credits,total_reg_credits,1874,0.8483969137870148,0.8479564973139484,252,252,13.447171824973319,-20.73212379935966,-14.0,-170.0,34.0,27.278766231352797,91
train_v2_course,degree_id,30.111,1874,start_total_in_credits,total_reg_courses,1874,0.8561539965499331,0.8546468051698568,201,201,10.725720384204909,21.875667022411953,19.0,-53.0,99.0,23.183660851869632,101
train_v2_course,degree_id,30.111,1874,start_total_in_courses,total_reg_credits,1874,0.848936311174557,0.8460607878169057,191,191,10.192102454642477,-49.10618996798292,-42.0,-229.0,4.0,39.80006001838896,130
train_v2_course,degree_id,30.111,1874,start_total_in_courses,total_reg_courses,1874,0.8568390925720094,0.8528289562949442,333,333,17.76947705442903,-6.498399146211312,-4.0,-57.0,12.0,8.886437088077669,43
train_v2_course,degree_id,30.111,1874,total_reg_credits,total_reg_courses,1874,0.9988130177431943,0.9985747916384011,185,185,9.871931696905015,42.60779082177161,37.0,0.0,187.0,33.17127587408706,108
train_v2_course,degree_id,31.111,1320,start_total_in_credits,start_total_in_courses,1320,0.9991290392425408,0.9993675611626919,257,257,19.46969696969697,20.990151515151513,17.0,0.0,79.0,18.26290340044189,66
train_v2_course,degree_id,31.111,1320,start_total_in_credits,total_reg_credits,1320,0.7632618444960044,0.8361015408616167,260,260,19.696969696969695,-17.007575757575758,-12.0,-103.0,53.0,24.503994262798344,78
train_v2_course,degree_id,31.111,1320,start_total_in_credits,total_reg_courses,1320,0.7781979735372041,0.8435723079556999,230,230,17.424242424242426,15.481060606060606,10.0,-27.0,91.0,19.944303161397904,79
train_v2_course,degree_id,31.111,1320,start_total_in_courses,total_reg_credits,1320,0.7569356946885745,0.8328062727260886,199,199,15.075757575757576,-37.997727272727275,-34.0,-150.0,11.0,31.072550691990294,100
train_v2_course,degree_id,31.111,1320,start_total_in_courses,total_reg_courses,1320,0.7731459195272472,0.840845922603169,260,260,19.696969696969695,-5.509090909090909,-4.0,-33.0,19.0,8.08643089386671,44
train_v2_course,degree_id,31.111,1320,total_reg_credits,total_reg_courses,1320,0.9982600476487017,0.9992463058188802,199,199,15.075757575757576,32.48863636363637,30.0,0.0,117.0,25.193050378494352,82
train_v2_course,degree_id,33.111,673,start_total_in_credits,start_total_in_courses,673,0.9994854823958235,0.9992129873926782,104,104,15.453194650817236,23.460624071322435,22.0,0.0,73.0,17.767814942311876,56
train_v2_course,degree_id,33.111,673,start_total_in_credits,total_reg_credits,673,0.8260332565349378,0.8521121491248574,192,192,28.52897473997028,-13.387815750371471,-6.0,-77.0,12.0,18.925440333036768,39
train_v2_course,degree_id,33.111,673,start_total_in_credits,total_reg_courses,673,0.8346293405011102,0.8595790408694264,101,101,15.0074294205052,18.921248142644874,15.0,-20.0,75.0,18.83073199552903,68
train_v2_course,degree_id,33.111,673,start_total_in_courses,total_reg_credits,673,0.8275326003621332,0.854664850721036,100,100,14.85884101040119,-36.84843982169391,-36.0,-122.0,0.0,26.08658148215892,69
train_v2_course,degree_id,33.111,673,start_total_in_courses,total_reg_courses,673,0.8367811705734118,0.8633771649584882,207,207,30.75780089153046,-4.539375928677563,-2.0,-26.0,4.0,6.453497406571269,25
train_v2_course,degree_id,33.111,673,total_reg_credits,total_reg_courses,673,0.9993136007459072,0.9984813028144522,100,100,14.85884101040119,32.309063893016344,33.0,0.0,96.0,21.803700630305194,56
train_v2_course,degree_id,34.111,1997,start_total_in_credits,start_total_in_courses,1997,0.999555860280991,0.9993828404802174,311,311,15.573360040060091,26.785177766649976,25.0,0.0,82.0,19.6327356537352,74
train_v2_course,degree_id,34.111,1997,start_total_in_credits,total_reg_credits,1997,0.9301518095541488,0.9382861774253732,710,710,35.55332999499249,-7.611917876815223,-3.0,-45.0,44.0,12.381709560498784,39
train_v2_course,degree_id,34.111,1997,start_total_in_credits,total_reg_courses,1997,0.9305971653645873,0.9390309437651916,309,309,15.473209814722082,24.161241862794192,22.0,-12.0,90.0,19.7744050289405,83
train_v2_course,degree_id,34.111,1997,start_total_in_courses,total_reg_credits,1997,0.9299605759441805,0.9371413283344435,302,302,15.12268402603906,-34.3970956434652,-34.0,-105.0,8.0,24.024808728609237,82
train_v2_course,degree_id,34.111,1997,start_total_in_courses,total_reg_courses,1997,0.9312118060284442,0.9391606479518664,710,710,35.55332999499249,-2.6239359038557835,-1.0,-15.0,16.0,4.316544108192779,19
train_v2_course,degree_id,34.111,1997,total_reg_credits,total_reg_courses,1997,0.9993126204807663,0.9986133857730222,302,302,15.12268402603906,31.773159739609415,30.0,0.0,96.0,21.820503877315513,71
train_v2_course,degree_id,35.111,631,start_total_in_credits,start_total_in_courses,631,0.9994787972069447,0.999187838886488,103,103,16.323296354992074,22.64659270998415,23.0,0.0,73.0,16.950637492077394,53
train_v2_course,degree_id,35.111,631,start_total_in_credits,total_reg_credits,631,0.9496817144860529,0.9575551185182922,169,169,26.782884310618066,-11.521394611727416,-11.0,-40.0,0.0,10.519631019295765,25
train_v2_course,degree_id,35.111,631,start_total_in_credits,total_reg_courses,631,0.9522374180520051,0.9574651183041305,108,108,17.11568938193344,18.73217115689382,18.0,-8.0,71.0,16.058214380438418,53
train_v2_course,degree_id,35.111,631,start_total_in_courses,total_reg_credits,631,0.9508894572204863,0.9599137890343304,97,97,15.372424722662439,-34.16798732171157,-32.0,-86.0,0.0,22.81291034312914,58
train_v2_course,degree_id,35.111,631,start_total_in_courses,total_reg_courses,631,0.9543009305269794,0.9611384626664716,169,169,26.782884310618066,-3.914421553090333,-4.0,-14.0,0.0,3.557103057948709,15
train_v2_course,degree_id,35.111,631,total_reg_credits,total_reg_courses,631,0.9994157564943946,0.9986339775620119,97,97,15.372424722662439,30.253565768621236,29.0,0.0,78.0,20.401658408975987,52
train_v2_course,degree_id,36.111,1964,start_total_in_credits,start_total_in_courses,1964,0.9995839018311564,0.9994461731913001,322,322,16.39511201629328,25.41446028513238,24.0,0.0,79.0,18.589057157780566,70
train_v2_course,degree_id,36.111,1964,start_total_in_credits,total_reg_credits,1964,0.9349081229217128,0.9379632169977643,708,708,36.04887983706721,-6.589613034623218,-3.0,-46.0,37.0,11.183989632451409,41
train_v2_course,degree_id,36.111,1964,start_total_in_credits,total_reg_courses,1964,0.9361452144705844,0.9410252268149989,333,333,16.95519348268839,23.134419551934826,21.0,-6.0,91.0,18.725549699074143,72
train_v2_course,degree_id,36.111,1964,start_total_in_courses,total_reg_credits,1964,0.9346607433739512,0.938102956881581,317,317,16.14052953156823,-32.0040733197556,-31.0,-86.0,4.0,22.289600034457745,77
train_v2_course,degree_id,36.111,1964,start_total_in_courses,total_reg_courses,1964,0.9365664376521952,0.9421297870400306,708,708,36.04887983706721,-2.280040733197556,-1.0,-16.0,13.0,3.896389749544735,21
train_v2_course,degree_id,36.111,1964,total_reg_credits,total_reg_courses,1964,0.9994895109761293,0.9989137170989888,317,317,16.14052953156823,29.724032586558046,29.0,0.0,80.0,20.369866090753494,64
train_v2_course,degree_id,37.111,514,start_total_in_credits,start_total_in_courses,514,0.9994678100447539,0.9993698860087111,85,85,16.536964980544745,25.408560311284045,25.0,0.0,75.0,17.63945837831681,47
train_v2_course,degree_id,37.111,514,start_total_in_credits,total_reg_credits,514,0.9557423700409883,0.9633072100125647,178,178,34.63035019455253,-7.01556420233463,-3.0,-39.0,9.0,10.003106290099876,26
train_v2_course,degree_id,37.111,514,start_total_in_credits,total_reg_courses,514,0.9576524374233445,0.965426742775232,81,81,15.758754863813229,23.027237354085603,22.0,-6.0,74.0,16.817656337094004,48
train_v2_course,degree_id,37.111,514,start_total_in_courses,total_reg_credits,514,0.9558634976984928,0.9627099243397144,81,81,15.758754863813229,-32.42412451361868,-29.0,-90.0,0.0,22.98900240741581,56
train_v2_course,degree_id,37.111,514,start_total_in_courses,total_reg_courses,514,0.9587160239130719,0.9657336556683731,178,178,34.63035019455253,-2.3813229571984436,-1.0,-13.0,3.0,3.403719070300958,15
train_v2_course,degree_id,37.111,514,total_reg_credits,total_reg_courses,514,0.9994609565942435,0.999247600159054,81,81,15.758754863813229,30.042801556420233,29.0,0.0,77.0,20.787847813022527,50
train_v2_course,degree_id,39.111,837,start_total_in_credits,start_total_in_courses,837,0.9990119874262103,0.9989362941410518,250,250,29.868578255675033,8.73715651135006,7.0,0.0,36.0,8.357314536318931,33
train_v2_course,degree_id,39.111,837,start_total_in_credits,total_reg_credits,837,0.8872524265704622,0.919285151359106,248,248,29.629629629629626,-15.696535244922341,-12.0,-64.0,0.0,14.986314329004166,47
train_v2_course,degree_id,39.111,837,start_total_in_credits,total_reg_courses,837,0.8892065103554359,0.9194176266638581,313,313,37.39545997610514,3.3823178016726403,0.0,-9.0,29.0,6.443131640675417,32
train_v2_course,degree_id,39.111,837,start_total_in_courses,total_reg_credits,837,0.8869549910087356,0.9191844315532826,240,240,28.673835125448026,-24.433691756272403,-23.0,-83.0,0.0,21.288280181290386,62
train_v2_course,degree_id,39.111,837,start_total_in_courses,total_reg_courses,837,0.8900219677286891,0.9207530655624319,248,248,29.629629629629626,-5.354838709677419,-4.0,-21.0,0.0,5.120510976392983,22
train_v2_course,degree_id,39.111,837,total_reg_credits,total_reg_courses,837,0.9993106843565156,0.9983033127048099,240,240,28.673835125448026,19.078853046594983,19.0,0.0,62.0,16.478592597486262,45
train_v2_course,degree_id,4.111,1621,start_total_in_credits,start_total_in_courses,1621,0.9991891032823749,0.9992108131709464,331,331,20.41949413942011,27.187538556446636,20.0,0.0,108.0,26.747181555442022,90
train_v2_course,degree_id,4.111,1621,start_total_in_credits,total_reg_credits,1621,0.9277322844406307,0.9541802094869545,712,712,43.92350400987045,-9.621838371375693,0.0,-111.0,16.0,19.75537412305222,69
train_v2_course,degree_id,4.111,1621,start_total_in_credits,total_reg_courses,1621,0.9300158696295979,0.9522831021674202,343,343,21.159777914867366,24.098704503392966,17.0,-16.0,105.0,25.432314033254716,90
train_v2_course,degree_id,4.111,1621,start_total_in_courses,total_reg_credits,1621,0.9251922524820703,0.9513191638274464,327,327,20.172732880937694,-36.809376927822335,-24.0,-181.0,5.0,37.95622964427674,112
train_v2_course,degree_id,4.111,1621,start_total_in_courses,total_reg_courses,1621,0.9286131933015954,0.9500630215192095,718,718,44.293645897594075,-3.0888340530536706,0.0,-38.0,7.0,6.6006550318589685,33
train_v2_course,degree_id,4.111,1621,total_reg_credits,total_reg_courses,1621,0.9988907401245316,0.9988565312783362,327,327,20.172732880937694,33.72054287476866,23.0,0.0,151.0,33.353830789687116,95
train_v2_course,degree_id,40.111,2969,start_total_in_credits,start_total_in_courses,2969,0.998733255352074,0.998813681459354,1336,1336,44.998315931289994,5.266082856180532,3.0,0.0,30.0,6.076050887542932,29
train_v2_course,degree_id,40.111,2969,start_total_in_credits,total_reg_credits,2969,0.8223712006390671,0.8752720184412448,1499,1499,50.48837992590097,-7.304479622768609,0.0,-56.0,23.0,10.007758957937636,45
train_v2_course,degree_id,40.111,2969,start_total_in_credits,total_reg_courses,2969,0.8230682686525199,0.8685255018123013,1296,1296,43.6510609632873,2.710340181879421,0.0,-18.0,33.0,5.654140378693577,40
train_v2_course,degree_id,40.111,2969,start_total_in_courses,total_reg_credits,2969,0.8225937957102437,0.8764616427989375,1220,1220,41.09127652408218,-12.57056247894914,-11.0,-71.0,0.0,13.612457964915212,50
train_v2_course,degree_id,40.111,2969,start_total_in_courses,total_reg_courses,2969,0.8246387915770674,0.8715805553074578,1503,1503,50.623105422701244,-2.5557426743011114,0.0,-18.0,8.0,3.4758031798538203,19
train_v2_course,degree_id,40.111,2969,total_reg_credits,total_reg_courses,2969,0.9990561491970541,0.997448185111689,1220,1220,41.09127652408218,10.01481980464803,10.0,0.0,53.0,10.53030135402922,39
train_v2_course,degree_id,41.111,9582,start_total_in_credits,start_total_in_courses,9582,0.9953732907702789,0.9928330961846584,2935,2935,30.63034857023586,16.16880609476101,12.0,0.0,136.5,15.948360220772644,79
train_v2_course,degree_id,41.111,9582,start_total_in_credits,total_reg_credits,9582,0.8230954003630172,0.9213098597881059,5809,5809,60.62408682947192,-0.8438739302859528,0.0,-360.0,47.0,16.349207008758217,74
train_v2_course,degree_id,41.111,9582,start_total_in_credits,total_reg_courses,9582,0.811424986553195,0.9232077608144655,2893,2893,30.192026716760594,15.98794614902943,12.0,-115.0,109.5,16.60543311423732,96
train_v2_course,degree_id,41.111,9582,start_total_in_courses,total_reg_credits,9582,0.8117617104310438,0.9126588295590241,2912,2912,30.390315174285114,-17.01268002504696,-12.0,-384.5,5.0,23.337563392195566,80
train_v2_course,degree_id,41.111,9582,start_total_in_courses,total_reg_courses,9582,0.8058671499612515,0.9337150763030431,5832,5832,60.86412022542267,-0.18085994573158004,0.0,-115.0,15.0,5.330840978440712,32
train_v2_course,degree_id,41.111,9582,total_reg_credits,total_reg_courses,9582,0.9971258081625624,0.98065058380792,2891,2891,30.171154247547484,16.83182007931538,11.0,0.0,299.5,19.80360789647528,69
train_v2_course,degree_id,42.111,8779,start_total_in_credits,start_total_in_courses,8779,0.9979213549206675,0.9955050308408033,2715,2715,30.926073584690737,13.64392299806356,10.0,0.0,61.0,13.185873912026908,58
train_v2_course,degree_id,42.111,8779,start_total_in_credits,total_reg_credits,8779,0.9264887696259458,0.9438790524228409,6217,6217,70.81672172229183,-0.18077229752819227,0.0,-105.0,67.0,8.210603056275025,60
train_v2_course,degree_id,42.111,8779,start_total_in_credits,total_reg_courses,8779,0.9311349213528747,0.9445702569107445,2727,2727,31.06276341268937,13.606561111743934,10.0,-39.0,81.0,14.308067175303625,79
train_v2_course,degree_id,42.111,8779,start_total_in_courses,total_reg_credits,8779,0.9194305878041322,0.9353843284577805,2686,2686,30.59573983369404,-13.824695295591754,-11.0,-105.0,22.0,13.752479451088885,67
train_v2_course,degree_id,42.111,8779,start_total_in_courses,total_reg_courses,8779,0.9278186703156264,0.9482153335941045,6234,6234,71.0103656452899,-0.03736188631962638,0.0,-39.0,30.0,3.1765428362715955,34
train_v2_course,degree_id,42.111,8779,total_reg_credits,total_reg_courses,8779,0.997114473937102,0.9882804555418199,2677,2677,30.49322246269507,13.787333409272126,11.0,0.0,78.0,12.970873444995052,47
train_v2_course,degree_id,44.111,6068,start_total_in_credits,start_total_in_courses,6068,0.9984607136340836,0.9966048918626506,2265,2265,37.326961107448916,11.564601186552405,10.0,0.0,65.0,12.50086317332812,60
train_v2_course,degree_id,44.111,6068,start_total_in_credits,total_reg_credits,6068,0.9250977246707738,0.9412173878663941,4196,4196,69.14963744232037,-0.8851351351351351,0.0,-37.0,53.0,7.749252947497809,54
train_v2_course,degree_id,44.111,6068,start_total_in_credits,total_reg_courses,6068,0.915492136335415,0.9382719724067339,2266,2266,37.34344100197759,11.299769281476598,10.0,-10.0,77.0,13.713375003140492,75
train_v2_course,degree_id,44.111,6068,start_total_in_courses,total_reg_credits,6068,0.9181802166433466,0.932118753859629,2261,2261,37.26104152933421,-12.449736321687542,-10.0,-57.0,14.0,13.083442754107287,60
train_v2_course,degree_id,44.111,6068,start_total_in_courses,total_reg_courses,6068,0.9098568420382467,0.937117035810752,4207,4207,69.33091628213579,-0.2648319050758075,0.0,-15.0,20.0,3.227115807431018,26
train_v2_course,degree_id,44.111,6068,total_reg_credits,total_reg_courses,6068,0.9984324577112164,0.9916505818538911,2249,2249,37.06328279499011,12.184904416611733,10.0,0.0,52.0,12.38221937796326,47
train_v2_course,degree_id,45.111,1874,start_total_in_credits,start_total_in_courses,1874,0.9997340670567266,0.9994827512596038,597,597,31.856990394877265,11.876200640341516,10.0,0.0,66.0,11.83918039806371,42
train_v2_course,degree_id,45.111,1874,start_total_in_credits,total_reg_credits,1874,0.8964548899946161,0.929545226610708,998,998,53.255069370330844,-4.956776947705443,0.0,-48.0,40.0,8.899855093176088,29
train_v2_course,degree_id,45.111,1874,start_total_in_credits,total_reg_courses,1874,0.8981044461106787,0.930514542885087,582,582,31.056563500533617,10.234258271077909,9.0,-16.0,78.0,12.185831107282967,55
train_v2_course,degree_id,45.111,1874,start_total_in_courses,total_reg_credits,1874,0.8938441162038858,0.9288651260865955,566,566,30.202774813233724,-16.83297758804696,-12.0,-56.0,6.0,14.927958733221635,48
train_v2_course,degree_id,45.111,1874,start_total_in_courses,total_reg_courses,1874,0.8958741023756468,0.9308911309963869,998,998,53.255069370330844,-1.6419423692636073,0.0,-16.0,14.0,2.998731118894366,19
train_v2_course,degree_id,45.111,1874,total_reg_credits,total_reg_courses,1874,0.9998077429479888,0.9992667393375708,566,566,30.202774813233724,15.191035218783352,12.0,0.0,55.0,13.334691345073567,42
train_v2_course,degree_id,46.111,1971,start_total_in_credits,start_total_in_courses,1971,0.9995268935124421,0.998150606463935,689,689,34.956874682902075,12.495687468290209,11.0,0.0,56.0,12.632540233982557,46
train_v2_course,degree_id,46.111,1971,start_total_in_credits,total_reg_credits,1971,0.9263205071727268,0.9471431653764051,1319,1319,66.92034500253679,-1.4728564180618975,0.0,-27.0,35.0,7.467809014791702,30
train_v2_course,degree_id,46.111,1971,start_total_in_credits,total_reg_courses,1971,0.9282537479487634,0.9492340332813546,672,672,34.09436834094368,12.029426686960933,10.0,-6.0,65.0,13.180286256879146,53
train_v2_course,degree_id,46.111,1971,start_total_in_courses,total_reg_credits,1971,0.9204079446014236,0.9423448783325651,678,678,34.39878234398782,-13.968543886352105,-11.0,-60.0,4.0,13.976195311720108,47
train_v2_course,degree_id,46.111,1971,start_total_in_courses,total_reg_courses,1971,0.9229418967097409,0.9479914621622986,1319,1319,66.92034500253679,-0.46626078132927445,0.0,-9.0,12.0,2.5718612373812793,19
train_v2_course,degree_id,46.111,1971,total_reg_credits,total_reg_courses,1971,0.9996665025387338,0.9976458195925817,672,672,34.09436834094368,13.502283105022832,11.0,0.0,55.0,13.080631237310811,37
train_v2_course,degree_id,47.111,2313,start_total_in_credits,start_total_in_courses,2313,0.9996206225278276,0.9988401642333918,794,794,34.327712926934716,12.124513618677042,10.0,0.0,55.0,11.964699738231927,45
train_v2_course,degree_id,47.111,2313,start_total_in_credits,total_reg_credits,2313,0.9477406643853004,0.9545438750585199,1604,1604,69.347168179853,-2.463467358408993,0.0,-36.0,27.0,6.259358494931676,24
train_v2_course,degree_id,47.111,2313,start_total_in_credits,total_reg_courses,2313,0.9484506613613297,0.9551323008610257,780,780,33.72243839169909,11.313445741461306,10.0,-12.0,55.0,11.982501512215322,53
train_v2_course,degree_id,47.111,2313,start_total_in_courses,total_reg_credits,2313,0.9462628442045666,0.9523053549998597,768,768,33.20363164721141,-14.587980977086035,-12.0,-57.0,0.0,13.952749382906529,49
train_v2_course,degree_id,47.111,2313,start_total_in_courses,total_reg_courses,2313,0.9474995871991367,0.9556494531977869,1610,1610,69.60657155209684,-0.8110678772157371,0.0,-12.0,9.0,2.10540134400846,16
train_v2_course,degree_id,47.111,2313,total_reg_credits,total_reg_courses,2313,0.9997558813146296,0.9979041338452003,768,768,33.20363164721141,13.776913099870299,12.0,0.0,55.0,12.99112831363734,42
train_v2_course,degree_id,48.111,2068,start_total_in_credits,start_total_in_courses,2068,0.9996207169817996,0.9993631476348118,698,698,33.75241779497099,11.934719535783366,10.0,0.0,52.0,12.085211631282013,45
train_v2_course,degree_id,48.111,2068,start_total_in_credits,total_reg_credits,2068,0.9288709720912984,0.9440725998742848,1259,1259,60.880077369439064,-3.870406189555126,0.0,-42.0,29.0,7.638141403005581,29
train_v2_course,degree_id,48.111,2068,start_total_in_credits,total_reg_courses,2068,0.9298593163370272,0.9456638989621825,708,708,34.23597678916828,10.64990328820116,9.0,-6.0,56.0,12.096662167631305,56
train_v2_course,degree_id,48.111,2068,start_total_in_courses,total_reg_credits,2068,0.9272984645247394,0.9436083033708361,681,681,32.93036750483559,-15.805125725338492,-12.0,-60.0,1.0,14.972389774915492,51
train_v2_course,degree_id,48.111,2068,start_total_in_courses,total_reg_courses,2068,0.9288739199304422,0.9466145390547732,1259,1259,60.880077369439064,-1.2848162475822051,0.0,-14.0,11.0,2.567072508283275,19
train_v2_course,degree_id,48.111,2068,total_reg_credits,total_reg_courses,2068,0.9997017459183708,0.998715855282437,681,681,32.93036750483559,14.520309477756287,11.0,0.0,52.0,13.610877913711928,41
train_v2_course,degree_id,49.111,981,start_total_in_credits,start_total_in_courses,981,0.9996686687831114,0.9996550304699674,345,345,35.16819571865443,12.194699286442406,10.0,0.0,77.0,13.872444145414404,45
train_v2_course,degree_id,49.111,981,start_total_in_credits,total_reg_credits,981,0.775760407453538,0.846820360598207,518,518,52.803261977573904,-3.202854230377166,0.0,-51.0,52.0,13.631993880250185,26
train_v2_course,degree_id,49.111,981,start_total_in_credits,total_reg_courses,981,0.7816688362082204,0.8516745907952352,313,313,31.906218144750255,11.170234454638125,6.0,-10.0,95.0,16.48074234402932,57
train_v2_course,degree_id,49.111,981,start_total_in_courses,total_reg_credits,981,0.7688113003096831,0.8443691322493141,312,312,31.804281345565748,-15.397553516819572,-13.0,-61.0,8.0,14.567679984508914,51
train_v2_course,degree_id,49.111,981,start_total_in_courses,total_reg_courses,981,0.7751553013232636,0.8499292053171374,518,518,52.803261977573904,-1.0244648318042813,0.0,-17.0,18.0,4.645099770905906,23
train_v2_course,degree_id,49.111,981,total_reg_credits,total_reg_courses,981,0.9997573271415375,0.9993367183927472,309,309,31.49847094801223,14.37308868501529,12.0,0.0,53.0,12.836787439886228,33
train_v2_course,degree_id,5.111,625,start_total_in_credits,start_total_in_courses,625,0.9997098897533514,0.999611176900579,99,99,15.840000000000002,45.704,49.0,0.0,110.0,34.84158839736332,69
train_v2_course,degree_id,5.111,625,start_total_in_credits,total_reg_credits,625,0.7708728701767871,0.8290863687891913,130,130,20.8,17.5808,0.0,-68.0,74.0,33.72356917570734,44
train_v2_course,degree_id,5.111,625,start_total_in_credits,total_reg_courses,625,0.7798579412961668,0.8355274134187374,89,89,14.24,51.888,50.0,-7.0,133.0,42.82867180061889,83
train_v2_course,degree_id,5.111,625,start_total_in_courses,total_reg_credits,625,0.7725794634522994,0.8317351575105248,89,89,14.24,-28.1232,-21.0,-121.0,13.0,29.875154586017818,71
train_v2_course,degree_id,5.111,625,start_total_in_courses,total_reg_courses,625,0.7821315815345422,0.8383360578388794,136,136,21.759999999999998,6.184,0.0,-22.0,25.0,11.275387309283836,26
train_v2_course,degree_id,5.111,625,total_reg_credits,total_reg_courses,625,0.9990424381689484,0.9987497451202287,89,89,14.24,34.3072,29.0,0.0,116.0,27.441984771607324,59
train_v2_course,degree_id,50.111,2061,start_total_in_credits,start_total_in_courses,2061,0.9995288098780363,0.9996717168523488,702,702,34.06113537117904,17.21542940320233,12.0,0.0,106.0,21.639975025390022,77
train_v2_course,degree_id,50.111,2061,start_total_in_credits,total_reg_credits,2061,0.7192007846066549,0.860904995407876,1119,1119,54.29403202328966,2.5958272683163512,0.0,-47.0,86.0,22.524833373461128,69
train_v2_course,degree_id,50.111,2061,start_total_in_credits,total_reg_courses,2061,0.6999778004576446,0.8599658218439207,707,707,34.30373605046094,18.073265405143136,9.0,-12.0,132.0,27.729693321610934,93
train_v2_course,degree_id,50.111,2061,start_total_in_courses,total_reg_credits,2061,0.7257745713537893,0.860340492290942,703,703,34.10965550703542,-14.619602134885978,-12.0,-72.0,17.0,15.823108455700156,67
train_v2_course,degree_id,50.111,2061,start_total_in_courses,total_reg_courses,2061,0.7075864708159539,0.8597713435014677,1119,1119,54.29403202328966,0.8578360019408054,0.0,-16.0,29.0,7.577218856948853,39
train_v2_course,degree_id,50.111,2061,total_reg_credits,total_reg_courses,2061,0.9988130925603352,0.9982772790658203,681,681,33.04221251819505,15.477438136826784,12.0,0.0,57.0,14.485449694474342,49
train_v2_course,degree_id,52.111,271,start_total_in_credits,start_total_in_courses,271,0.9996684508696212,0.999179931848611,60,60,22.14022140221402,16.837638376383765,14.0,0.0,59.0,14.184610347075935,31
train_v2_course,degree_id,52.111,271,start_total_in_credits,total_reg_credits,271,0.802856102233125,0.8470235515035888,94,94,34.686346863468636,-6.992619926199262,-8.0,-37.0,30.0,15.392396540458298,21
train_v2_course,degree_id,52.111,271,start_total_in_credits,total_reg_courses,271,0.8112420141739994,0.8532379162444858,57,57,21.033210332103323,14.40590405904059,11.0,-8.0,68.0,15.392801414406469,30
train_v2_course,degree_id,52.111,271,start_total_in_courses,total_reg_credits,271,0.7989025997426417,0.8457843139341461,54,54,19.92619926199262,-23.830258302583026,-22.0,-87.0,1.0,20.25231508320293,38
train_v2_course,degree_id,52.111,271,start_total_in_courses,total_reg_courses,271,0.8077697046965865,0.8526006834183416,94,94,34.686346863468636,-2.4317343173431736,-3.0,-13.0,10.0,5.2685253699299714,15
train_v2_course,degree_id,52.111,271,total_reg_credits,total_reg_courses,271,0.9996167225979539,0.998895586748777,54,54,19.92619926199262,21.39852398523985,19.0,0.0,74.0,16.845810492423475,30
train_v2_course,degree_id,53.111,990,start_total_in_credits,start_total_in_courses,990,0.9992946568833972,0.9988959048320873,249,249,25.151515151515152,14.592929292929293,12.0,0.0,47.0,12.003073018431333,42
train_v2_course,degree_id,53.111,990,start_total_in_credits,total_reg_credits,990,0.9216550540136417,0.937438449928835,471,471,47.57575757575758,-4.5494949494949495,0.0,-38.0,32.0,8.531454602911017,26
train_v2_course,degree_id,53.111,990,start_total_in_credits,total_reg_courses,990,0.9183013304663242,0.9328096826514045,257,257,25.95959595959596,13.029292929292929,11.0,-5.0,47.0,11.846172390626576,47
train_v2_course,degree_id,53.111,990,start_total_in_courses,total_reg_credits,990,0.9231381538334594,0.9399893744057152,246,246,24.848484848484848,-19.14242424242424,-19.0,-75.0,0.0,15.942100692861427,51
train_v2_course,degree_id,53.111,990,start_total_in_courses,total_reg_courses,990,0.9208771510828921,0.9374432512737961,471,471,47.57575757575758,-1.5636363636363637,0.0,-13.0,11.0,2.9658472070049733,18
train_v2_course,degree_id,53.111,990,total_reg_credits,total_reg_courses,990,0.9993065966129301,0.9982097302766442,246,246,24.848484848484848,17.578787878787878,16.0,0.0,62.0,14.13825117025225,41
train_v2_course,degree_id,54.111,326,start_total_in_credits,start_total_in_courses,326,0.9992715308584668,0.9993380455668435,78,78,23.92638036809816,17.70245398773006,17.0,0.0,50.0,14.51239661454566,31
train_v2_course,degree_id,54.111,326,start_total_in_credits,total_reg_credits,326,0.7581586472572646,0.853720029391815,161,161,49.38650306748466,-7.5184049079754605,0.0,-111.0,60.0,20.323642130480767,20
train_v2_course,degree_id,54.111,326,start_total_in_credits,total_reg_courses,326,0.7272907396921088,0.8555934950489599,70,70,21.472392638036812,14.78834355828221,11.0,-44.0,70.0,15.970780598958402,35
train_v2_course,degree_id,54.111,326,start_total_in_courses,total_reg_credits,326,0.7571801066643965,0.8534947224194186,70,70,21.472392638036812,-25.220858895705522,-21.5,-118.0,11.0,25.722190250055075,35
train_v2_course,degree_id,54.111,326,start_total_in_courses,total_reg_courses,326,0.7274641703187456,0.8570751936657578,161,161,49.38650306748466,-2.914110429447853,0.0,-44.0,21.0,7.984137175487316,15
train_v2_course,degree_id,54.111,326,total_reg_credits,total_reg_courses,326,0.9967771880375356,0.9972666743326756,70,70,21.472392638036812,22.30674846625767,21.0,0.0,85.0,19.56695213508062,34
train_v2_course,degree_id,55.111,1163,start_total_in_credits,start_total_in_courses,1163,0.9995830066634918,0.999247569885545,286,286,24.59157351676698,15.06792777300086,12.0,0.0,54.0,12.792587196591093,45
train_v2_course,degree_id,55.111,1163,start_total_in_credits,total_reg_credits,1163,0.9186091308593586,0.9407071623980632,642,642,55.20206362854686,-3.053310404127257,0.0,-26.0,46.0,8.180025562651487,24
train_v2_course,degree_id,55.111,1163,start_total_in_credits,total_reg_courses,1163,0.9166494825939171,0.9367774899846165,304,304,26.139294926913152,13.98280309544282,11.0,-3.0,69.0,13.294611388219552,52
train_v2_course,degree_id,55.111,1163,start_total_in_courses,total_reg_credits,1163,0.9171189265929263,0.9379843513146815,286,286,24.59157351676698,-18.121238177128117,-16.0,-56.0,5.0,14.729807071573278,47
train_v2_course,degree_id,55.111,1163,start_total_in_courses,total_reg_courses,1163,0.915946146832985,0.9355180861590403,642,642,55.20206362854686,-1.0851246775580397,0.0,-9.0,16.0,2.8662936206107714,14
train_v2_course,degree_id,55.111,1163,total_reg_credits,total_reg_courses,1163,0.9994392232050034,0.9985651301137235,286,286,24.59157351676698,17.036113499570078,16.0,0.0,54.0,13.535905055586557,41
train_v2_course,degree_id,56.111,339,start_total_in_credits,start_total_in_courses,339,0.9996258633720794,0.9993163894325312,85,85,25.073746312684364,12.893805309734514,11.0,0.0,47.0,11.149624796822202,32
train_v2_course,degree_id,56.111,339,start_total_in_credits,total_reg_credits,339,0.935330459809739,0.9475152801275892,159,159,46.902654867256636,-7.126843657817109,-3.0,-29.0,0.0,8.41060645582557,17
train_v2_course,degree_id,56.111,339,start_total_in_credits,total_reg_courses,339,0.9335135792536626,0.9438418283152186,90,90,26.548672566371685,10.392330383480825,9.0,-4.0,46.0,10.3630574037988,32
train_v2_course,degree_id,56.111,339,start_total_in_courses,total_reg_credits,339,0.9382212502359415,0.9491217498762566,85,85,25.073746312684364,-20.020648967551622,-17.0,-73.0,0.0,16.36373312260294,31
train_v2_course,degree_id,56.111,339,start_total_in_courses,total_reg_courses,339,0.9369896391706394,0.9466287274793254,159,159,46.902654867256636,-2.5014749262536875,-1.0,-10.0,0.0,2.929521873936497,10
train_v2_course,degree_id,56.111,339,total_reg_credits,total_reg_courses,339,0.999597349559049,0.9986159223939884,85,85,25.073746312684364,17.519174041297934,17.0,0.0,63.0,14.199615105285744,31
train_v2_course,degree_id,6.111,5643,start_total_in_credits,start_total_in_courses,5643,0.9993077577156305,0.9992853070544235,137,137,2.4277866383129543,63.25660109870636,67.0,0.0,112.0,28.374634692625172,112
train_v2_course,degree_id,6.111,5643,start_total_in_credits,total_reg_credits,5643,0.8239468150051964,0.8162415125978133,371,371,6.57451710083289,-33.67393230551125,-27.0,-156.0,63.0,32.809554431701144,152
train_v2_course,degree_id,6.111,5643,start_total_in_credits,total_reg_courses,5643,0.8310000015535198,0.8256918961958757,131,131,2.3214602161970586,52.24490519227361,54.0,-23.0,121.0,28.986304938456037,132
train_v2_course,degree_id,6.111,5643,start_total_in_courses,total_reg_credits,5643,0.8264608515812706,0.8189700918956379,109,109,1.9315966684387738,-96.93053340421761,-96.0,-265.0,0.0,45.97974132966306,209
train_v2_course,degree_id,6.111,5643,start_total_in_courses,total_reg_courses,5643,0.834244124532764,0.8290770957389513,357,357,6.3264221158958,-11.011695906432749,-8.0,-53.0,21.0,10.900058604135419,69
train_v2_course,degree_id,6.111,5643,total_reg_credits,total_reg_courses,5643,0.9982442397281525,0.9980939019483813,109,109,1.9315966684387738,85.91883749778486,87.0,0.0,212.0,37.91158585915728,176
train_v2_course,degree_id,7.111,4225,start_total_in_credits,start_total_in_courses,4225,0.9983899445835792,0.9995897122830238,536,536,12.686390532544378,26.548165680473375,23.0,0.0,82.0,20.808665973884416,82
train_v2_course,degree_id,7.111,4225,start_total_in_credits,total_reg_credits,4225,0.9193314440723662,0.9389738200536806,896,896,21.207100591715978,-16.28165680473373,-11.0,-97.0,9.0,17.545009950076622,76
train_v2_course,degree_id,7.111,4225,start_total_in_credits,total_reg_courses,4225,0.9066680091948053,0.9315130961906194,574,574,13.585798816568047,19.79360946745562,15.0,-16.0,79.0,19.992434811241186,90
train_v2_course,degree_id,7.111,4225,start_total_in_courses,total_reg_credits,4225,0.9222290061847735,0.9378171780436939,506,506,11.976331360946746,-42.8298224852071,-40.0,-146.0,0.0,30.918555350376195,120
train_v2_course,degree_id,7.111,4225,start_total_in_courses,total_reg_courses,4225,0.9124103369784206,0.93072366096995,896,896,21.207100591715978,-6.754556213017752,-5.0,-40.0,4.0,7.135632596703475,38
train_v2_course,degree_id,7.111,4225,total_reg_credits,total_reg_courses,4225,0.9973856457364622,0.9983066566272301,506,506,11.976331360946746,36.075266272189346,33.0,0.0,114.0,25.960014713981817,95
train_v2_course,degree_id,8.111,12432,start_total_in_credits,start_total_in_courses,12432,0.9983132834940762,0.999501581912285,1140,1140,9.16988416988417,34.00675675675676,31.0,0.0,84.0,23.252274803115995,85
train_v2_course,degree_id,8.111,12432,start_total_in_credits,total_reg_credits,12432,0.8933060359304184,0.9281145092233158,2057,2057,16.546010296010298,-18.55686936936937,-12.0,-184.0,30.0,23.7794071371304,144
train_v2_course,degree_id,8.111,12432,start_total_in_credits,total_reg_courses,12432,0.8764043042637369,0.9137242342877644,1239,1239,9.966216216216216,26.265122265122265,22.0,-30.0,88.0,22.271621206701987,104
train_v2_course,degree_id,8.111,12432,start_total_in_courses,total_reg_credits,12432,0.8928800463894313,0.9267858480485224,1095,1095,8.807915057915059,-52.563626126126124,-49.0,-262.0,5.0,38.155997064114835,196
train_v2_course,degree_id,8.111,12432,start_total_in_courses,total_reg_courses,12432,0.8786243465017428,0.9130009832733031,2065,2065,16.61036036036036,-7.741634491634492,-5.0,-73.0,13.0,9.777272375419422,68
train_v2_course,degree_id,8.111,12432,total_reg_credits,total_reg_courses,12432,0.9977106254312176,0.9982369080416013,1088,1088,8.751608751608751,44.82199163449163,42.0,0.0,189.0,30.784504389725793,148
train_v2_course,progress_quartile,"(-0.001, 31.0]",91351,start_total_in_credits,start_total_in_courses,91351,0.9861453783854014,0.9885152871937812,36071,36071,39.4861577869974,6.9465030486803645,7.0,0.0,22.0,6.722270220493878,23
train_v2_course,progress_quartile,"(-0.001, 31.0]",91351,start_total_in_credits,total_reg_credits,91351,0.6903797104477473,0.8408269591894545,51914,51914,56.82915348490985,-6.578592462042014,0.0,-360.0,25.0,14.434467922587128,154
train_v2_course,progress_quartile,"(-0.001, 31.0]",91351,start_total_in_credits,total_reg_courses,91351,0.7013034884174291,0.8361594363984293,35383,35383,38.73301879563442,4.643933837615352,1.0,-115.0,27.0,7.5276721655087435,79
train_v2_course,progress_quartile,"(-0.001, 31.0]",91351,start_total_in_courses,total_reg_credits,91351,0.6826335486077336,0.8310097961419285,34115,34115,37.344966119692174,-13.525095510722378,-10.0,-360.0,9.0,17.105765269565975,149
train_v2_course,progress_quartile,"(-0.001, 31.0]",91351,start_total_in_courses,total_reg_courses,91351,0.7140636868568865,0.8486219077755719,52049,52049,56.976935118389505,-2.302569211065013,0.0,-115.0,10.0,5.029605821896787,74
train_v2_course,progress_quartile,"(-0.001, 31.0]",91351,total_reg_credits,total_reg_courses,91351,0.9866482315773233,0.9820180686905496,34091,34091,37.31869382929579,11.222526299657366,10.0,0.0,245.0,12.668019323411665,112
train_v2_course,progress_quartile,"(121.0, 250.0]",88334,start_total_in_credits,start_total_in_courses,88334,0.4232593061417583,0.5173711664943026,0,0,0.0,99.28942989109517,94.0,69.0,187.0,21.62044102368483,182
train_v2_course,progress_quartile,"(121.0, 250.0]",88334,start_total_in_credits,total_reg_credits,88334,0.5364304354938652,0.5829712558041252,10440,10440,11.818778726198293,-29.30214866302896,-16.0,-291.0,103.0,42.99771467204899,556
train_v2_course,progress_quartile,"(121.0, 250.0]",88334,start_total_in_credits,total_reg_courses,88334,0.24185291913988335,0.33774259971725873,7,7,0.0079244684945774,89.20646070595694,86.0,-18.0,192.0,26.46218551677288,335
train_v2_course,progress_quartile,"(121.0, 250.0]",88334,start_total_in_courses,total_reg_credits,88334,0.21364705802198602,0.28021734144480714,5,5,0.005660334638983857,-128.5915785541241,-115.0,-433.0,11.0,49.63323927074266,675
train_v2_course,progress_quartile,"(121.0, 250.0]",88334,start_total_in_courses,total_reg_courses,88334,0.5935142688602887,0.6751035308898404,11080,11080,12.543301559988226,-10.082969185138225,-5.0,-105.0,35.0,15.031481768554267,131
train_v2_course,progress_quartile,"(121.0, 250.0]",88334,total_reg_credits,total_reg_courses,88334,0.7888206738056394,0.7420792079751342,0,0,0.0,118.5086093689859,108.0,19.0,367.0,37.88908852191765,542
train_v2_course,progress_quartile,"(31.0, 73.0]",88603,start_total_in_credits,start_total_in_courses,88603,0.910861269813042,0.9165509074489917,0,0,0.0,32.799910838233465,33.0,17.0,53.0,8.060515351811958,38
train_v2_course,progress_quartile,"(31.0, 73.0]",88603,start_total_in_credits,total_reg_credits,88603,0.49636710882524343,0.632014880481929,21893,21893,24.70909562881618,-14.238535941220952,-5.0,-245.0,59.0,26.659420404704633,254
train_v2_course,progress_quartile,"(31.0, 73.0]",88603,start_total_in_credits,total_reg_courses,88603,0.4783914860157703,0.6014353294858353,169,169,0.1907384625802738,27.835846416035576,28.0,-59.0,68.0,12.117450549578143,123
train_v2_course,progress_quartile,"(31.0, 73.0]",88603,start_total_in_courses,total_reg_credits,88603,0.463829248762899,0.5871520415558442,152,152,0.17155175332663677,-47.03844677945442,-41.0,-288.0,15.0,28.58789242089024,252
train_v2_course,progress_quartile,"(31.0, 73.0]",88603,start_total_in_courses,total_reg_courses,88603,0.5403718459885745,0.6642650188605367,22925,22925,25.87384174350756,-4.964064422197894,-2.0,-89.0,21.0,9.692530280448024,103
train_v2_course,progress_quartile,"(31.0, 73.0]",88603,total_reg_credits,total_reg_courses,88603,0.9672211776493845,0.9559903135451197,0,0,0.0,42.074382357256525,39.0,5.0,199.0,19.69821467364562,167
train_v2_course,progress_quartile,"(73.0, 121.0]",88528,start_total_in_credits,start_total_in_courses,88528,0.8042694804812291,0.808945250727927,0,0,0.0,61.388956036508226,61.0,41.0,87.0,9.49026582673148,77
train_v2_course,progress_quartile,"(73.0, 121.0]",88528,start_total_in_credits,total_reg_credits,88528,0.4046571312230362,0.5322725586945739,13509,13509,15.259578890294595,-21.999531221760346,-10.0,-235.0,88.0,35.97386991256129,356
train_v2_course,progress_quartile,"(73.0, 121.0]",88528,start_total_in_credits,total_reg_courses,88528,0.39305054571639775,0.48746318737172445,84,84,0.09488523405024399,53.637408503524306,55.0,-42.0,109.0,16.10610273765368,202
train_v2_course,progress_quartile,"(73.0, 121.0]",88528,start_total_in_courses,total_reg_credits,88528,0.34395965552616403,0.4414681967203592,15,15,0.016943791794686424,-83.38848725826857,-74.0,-308.0,24.0,37.53721392678923,432
train_v2_course,progress_quartile,"(73.0, 121.0]",88528,start_total_in_courses,total_reg_courses,88528,0.520131406315875,0.6284620983002276,14630,14630,16.525844930417495,-7.751547532983914,-4.0,-91.0,33.0,13.104219285494029,123
train_v2_course,progress_quartile,"(73.0, 121.0]",88528,total_reg_credits,total_reg_courses,88528,0.940893033358416,0.9070331091132106,0,0,0.0,75.63693972528466,70.0,6.0,237.0,25.455860070962107,314
train_v2_status,year,2020,12772,start_total_in_credits,start_total_in_courses,12772,0.9590742790201072,0.9825213298894825,1203,1203,9.419041653617288,51.28069213905418,46.0,0.0,187.0,39.56413406885576,253
train_v2_status,year,2020,12772,start_total_in_credits,total_reg_credits,12772,0.8966385179843599,0.9250176889113856,3020,3020,23.64547447541497,-22.715823676792986,-10.0,-291.0,103.0,35.84186554820552,380
train_v2_status,year,2020,12772,start_total_in_credits,total_reg_courses,12772,0.8546147719238699,0.9048140245465417,1214,1214,9.505167554024428,43.40158158471657,36.0,-79.0,182.0,38.506529600395076,323
train_v2_status,year,2020,12772,start_total_in_courses,total_reg_credits,12772,0.8623231798986872,0.913042746676264,1139,1139,8.917945505793924,-73.99651581584716,-64.0,-398.5,23.0,60.42999166639353,473
train_v2_status,year,2020,12772,start_total_in_courses,total_reg_courses,12772,0.8972382308786683,0.9265919177506592,3060,3060,23.95865956780457,-7.879110554337614,-3.0,-98.0,35.0,12.5979906581925,115
train_v2_status,year,2020,12772,total_reg_credits,total_reg_courses,12772,0.9603739147425181,0.9814890409530265,1132,1132,8.863138114625743,66.11740526150955,59.0,0.0,338.0,51.82877884195768,402
train_v2_status,year,2021,14706,start_total_in_credits,start_total_in_courses,14706,0.9596923259225416,0.9853451557867431,1521,1521,10.342717258261933,50.19026247790018,43.0,0.0,186.0,40.85577975738904,266
train_v2_status,year,2021,14706,start_total_in_credits,total_reg_credits,14706,0.9031426742912462,0.9359485344016883,3676,3676,24.996600027199783,-20.833945328437373,-8.0,-321.0,103.0,35.696980685924466,419
train_v2_status,year,2021,14706,start_total_in_credits,total_reg_courses,14706,0.8589855936038594,0.9187395592626454,1529,1529,10.397116823065415,43.00339997280022,35.0,-100.0,190.0,39.50908875848396,351
train_v2_status,year,2021,14706,start_total_in_courses,total_reg_credits,14706,0.8703181946412951,0.9245511825666057,1450,1450,9.859921120631036,-71.02420780633754,-56.0,-416.5,24.0,61.796188232853254,522
train_v2_status,year,2021,14706,start_total_in_courses,total_reg_courses,14706,0.9004041507100085,0.9357211063490996,3738,3738,25.418196654426765,-7.186862505099959,-3.0,-100.0,35.0,12.519184874593172,124
train_v2_status,year,2021,14706,total_reg_credits,total_reg_courses,14706,0.9627969973650108,0.9843795620267627,1444,1444,9.819121447028424,63.83734530123759,52.0,0.0,349.5,53.235889274358215,441
train_v2_status,year,2022,15685,start_total_in_credits,start_total_in_courses,15685,0.9602931324201861,0.9853450473654501,1336,1336,8.517692062480076,51.901434491552436,45.0,0.0,187.0,40.259439908767455,264
train_v2_status,year,2022,15685,start_total_in_credits,total_reg_credits,15685,0.8978893622781203,0.9287506024318698,3450,3450,21.99553713739241,-20.99681224099458,-9.0,-265.5,100.0,35.38687054582585,421
train_v2_status,year,2022,15685,start_total_in_credits,total_reg_courses,15685,0.8547330962777915,0.9136505784820864,1239,1239,7.899266815428753,44.74408670704495,38.0,-53.0,192.0,39.147184536451235,349
train_v2_status,year,2022,15685,start_total_in_courses,total_reg_credits,15685,0.8637447722205254,0.9162814400048286,1165,1165,7.4274784826267135,-72.89824673254702,-59.0,-430.5,22.0,60.52395693046984,564
train_v2_status,year,2022,15685,start_total_in_courses,total_reg_courses,15685,0.8940366572198837,0.928821260752498,3602,3602,22.964615875039847,-7.1573477845074915,-3.0,-97.0,33.0,12.349299856321046,121
train_v2_status,year,2022,15685,total_reg_credits,total_reg_courses,15685,0.963125197728407,0.9850723604325757,1157,1157,7.376474338540007,65.74089894803953,55.0,0.0,359.5,52.12083664604107,462
train_v2_status,year,2023,16500,start_total_in_credits,start_total_in_courses,16500,0.9583959341890333,0.9836239629808967,1313,1313,7.957575757575758,54.61954545454545,49.0,0.0,187.0,40.6462746186862,268
train_v2_status,year,2023,16500,start_total_in_credits,total_reg_credits,16500,0.9024125007054103,0.9370006344520152,3935,3935,23.848484848484848,-19.367030303030305,-8.0,-360.0,86.0,34.12178728209257,422
train_v2_status,year,2023,16500,start_total_in_credits,total_reg_courses,16500,0.8557160026636206,0.9173120909357154,1310,1310,7.9393939393939394,48.07033333333333,42.0,-115.0,184.0,39.65172615567287,331
train_v2_status,year,2023,16500,start_total_in_courses,total_reg_credits,16500,0.86552411206684,0.923366034501976,1225,1225,7.424242424242425,-73.98657575757576,-62.0,-409.0,17.0,59.726688645847375,565
train_v2_status,year,2023,16500,start_total_in_courses,total_reg_courses,16500,0.8960842843844007,0.9345545161016666,4120,4120,24.96969696969697,-6.549212121212121,-3.0,-115.0,32.0,11.839700083874597,120
train_v2_status,year,2023,16500,total_reg_credits,total_reg_courses,16500,0.9612081543686394,0.9833487008067571,1222,1222,7.406060606060606,67.43736363636364,58.0,0.0,344.0,51.90611732520374,472
train_v2_status,year,2024,15413,start_total_in_credits,start_total_in_courses,15413,0.9593116793789856,0.9823775263876386,1266,1266,8.213845455135276,56.49088431843249,53.0,0.0,187.0,40.30481926952083,263
train_v2_status,year,2024,15413,start_total_in_credits,total_reg_credits,15413,0.9013863150047907,0.9373207653869274,4055,4055,26.308959968857458,-18.468922338285864,-6.0,-268.0,86.0,33.89162866783054,420
train_v2_status,year,2024,15413,start_total_in_credits,total_reg_courses,15413,0.8578596800456866,0.9140871688768679,1287,1287,8.35009407642899,50.300201128917145,45.0,-55.0,177.0,39.457819772842115,324
train_v2_status,year,2024,15413,start_total_in_courses,total_reg_credits,15413,0.863760968363937,0.9229208467606105,1244,1244,8.071108804256147,-74.95980665671836,-67.0,-433.0,22.0,59.10021196128372,565
train_v2_status,year,2024,15413,start_total_in_courses,total_reg_courses,15413,0.8956247929747889,0.9340350922913732,4215,4215,27.347044702523842,-6.190683189515344,-2.0,-94.0,32.0,11.66004695187517,118
train_v2_status,year,2024,15413,total_reg_credits,total_reg_courses,15413,0.9623261029300747,0.9805733902416602,1231,1231,7.986764419645754,68.76912346720302,63.0,0.0,367.0,51.464173291861194,475
train_v2_status,degree_id,1.111,13237,start_total_in_credits,start_total_in_courses,13237,0.9981957437945547,0.9989069985506766,568,568,4.291002493012011,56.613432046536225,59.0,0.0,106.0,29.070187013962514,107
train_v2_status,degree_id,1.111,13237,start_total_in_credits,total_reg_credits,13237,0.8716171945733799,0.8982081256960996,3514,3514,26.546800634584876,-17.222935710508423,-4.0,-237.0,83.0,33.0794522312764,246
train_v2_status,degree_id,1.111,13237,start_total_in_credits,total_reg_courses,13237,0.8846778291336891,0.9122057159691932,579,579,4.37410289340485,49.36609503663972,51.0,-59.0,137.0,29.388645732566374,167
train_v2_status,degree_id,1.111,13237,start_total_in_courses,total_reg_credits,13237,0.8674373307957025,0.8946955055866397,556,556,4.20034751076528,-73.83636775704464,-70.0,-330.0,24.0,48.01479918535581,294
train_v2_status,degree_id,1.111,13237,start_total_in_courses,total_reg_courses,13237,0.8836718287176796,0.9105633970091631,3589,3589,27.113394273626955,-7.247337009896502,-2.0,-105.0,35.0,13.77283048878594,116
train_v2_status,degree_id,1.111,13237,total_reg_credits,total_reg_courses,13237,0.9970583931775866,0.9978010766873061,547,547,4.132356274080229,66.58903074714814,66.0,0.0,242.0,37.652330203107226,198
train_v2_status,degree_id,10.111,804,start_total_in_credits,start_total_in_courses,804,0.9984097485573092,0.9995802253700837,68,68,8.45771144278607,34.26243781094527,32.0,0.0,83.0,22.733981280982178,84
train_v2_status,degree_id,10.111,804,start_total_in_credits,total_reg_credits,804,0.9294445622998033,0.9536029383389045,170,170,21.144278606965177,-14.455223880597014,-9.0,-111.0,33.0,18.49968489717518,78
train_v2_status,degree_id,10.111,804,start_total_in_credits,total_reg_courses,804,0.9201652301526336,0.9468315241930519,76,76,9.45273631840796,28.393034825870647,25.0,-15.0,96.0,21.278846101258104,89
train_v2_status,degree_id,10.111,804,start_total_in_courses,total_reg_credits,804,0.92784708098554,0.9512174984641997,68,68,8.45771144278607,-48.71766169154229,-46.0,-188.0,0.0,34.1606145007444,130
train_v2_status,degree_id,10.111,804,start_total_in_courses,total_reg_courses,804,0.9212707507871942,0.9450338662374674,170,170,21.144278606965177,-5.869402985074627,-4.0,-45.0,15.0,7.458251367867166,40
train_v2_status,degree_id,10.111,804,total_reg_credits,total_reg_courses,804,0.9981345191000821,0.9988943164822552,68,68,8.45771144278607,42.84825870646766,40.0,0.0,143.0,28.771645434766096,111
train_v2_status,degree_id,11.111,2183,start_total_in_credits,start_total_in_courses,2183,0.9983071438152638,0.9995431298131585,173,173,7.924874026568942,34.94686211635364,32.0,0.0,85.0,23.635056029403867,86
train_v2_status,degree_id,11.111,2183,start_total_in_credits,total_reg_credits,2183,0.9363694114277196,0.948752022236361,321,321,14.704535043518094,-15.232707283554742,-11.0,-129.0,28.0,17.054124556553656,102
train_v2_status,degree_id,11.111,2183,start_total_in_credits,total_reg_courses,2183,0.9227496807579729,0.9369628150322554,192,192,8.795235913879981,28.546495648190565,25.0,-12.0,92.0,22.521677414679885,97
train_v2_status,degree_id,11.111,2183,start_total_in_courses,total_reg_credits,2183,0.9361465516476086,0.9471493628984439,171,171,7.833256985799358,-50.17956939990838,-48.0,-187.0,5.0,33.19398038806609,146
train_v2_status,degree_id,11.111,2183,start_total_in_courses,total_reg_courses,2183,0.9255344976918648,0.9359303835815832,330,330,15.116811726981219,-6.400366468163078,-5.0,-52.0,12.0,7.045552962513496,53
train_v2_status,degree_id,11.111,2183,total_reg_credits,total_reg_courses,2183,0.9976399453130067,0.998407177078697,171,171,7.833256985799358,43.7792029317453,42.0,0.0,146.0,28.479377907540478,122
train_v2_status,degree_id,13.111,12231,start_total_in_credits,start_total_in_courses,12231,0.9991361605632827,0.9991850769285711,491,491,4.014389665603794,58.80009811135639,60.0,0.0,110.0,30.79741024022446,111
train_v2_status,degree_id,13.111,12231,start_total_in_credits,total_reg_credits,12231,0.8129496405431507,0.8416904455774509,2454,2454,20.063772381653177,-33.40569045867059,-16.0,-321.0,38.0,45.16521407979371,268
train_v2_status,degree_id,13.111,12231,start_total_in_credits,total_reg_courses,12231,0.811323981621708,0.8384112015196766,499,499,4.079797236530128,46.73060256724716,47.0,-100.0,120.0,31.317093908072344,171
train_v2_status,degree_id,13.111,12231,start_total_in_courses,total_reg_credits,12231,0.8179691065541449,0.8460864251661168,467,467,3.818166952824789,-92.20578857002698,-85.0,-374.0,9.0,60.72378318122557,336
train_v2_status,degree_id,13.111,12231,start_total_in_courses,total_reg_courses,12231,0.8174089157907161,0.8437356615679776,2491,2491,20.366282397187476,-12.06949554410923,-6.0,-100.0,15.0,16.544898967069585,110
train_v2_status,degree_id,13.111,12231,total_reg_credits,total_reg_courses,12231,0.9983639325343125,0.9989080929733408,464,464,3.7936391137274135,80.13629302591775,79.0,0.0,285.0,47.23049360018973,250
train_v2_status,degree_id,2.111,15172,start_total_in_credits,start_total_in_courses,15172,0.9966490329953855,0.9986982480769032,699,699,4.607171104666491,87.04663195359873,83.0,0.0,187.0,51.16033541176721,278
train_v2_status,degree_id,2.111,15172,start_total_in_credits,total_reg_credits,15172,0.897813417731606,0.9247435381036467,2947,2947,19.42393883469549,-23.4363300817295,-9.0,-268.0,103.0,42.264454654863556,507
train_v2_status,degree_id,2.111,15172,start_total_in_credits,total_reg_courses,15172,0.887572103906175,0.9137105108488857,693,693,4.567624571579225,80.94967703664645,79.0,-65.0,192.0,48.99150852694977,367
train_v2_status,degree_id,2.111,15172,start_total_in_courses,total_reg_credits,15172,0.8930356271381822,0.9227090544217044,675,675,4.448984972317427,-110.48296203532824,-100.0,-433.0,11.0,75.54839992161043,687
train_v2_status,degree_id,2.111,15172,start_total_in_courses,total_reg_courses,15172,0.887102207440438,0.9133260596194612,3054,3054,20.129185341418403,-6.0969549169522805,-2.0,-71.0,32.0,11.855123681580913,98
train_v2_status,degree_id,2.111,15172,total_reg_credits,total_reg_courses,15172,0.996794312007392,0.9979314704679316,672,672,4.429211705773794,104.38600711837596,97.0,0.0,367.0,67.04913708579986,573
train_v2_status,degree_id,20.111,307,start_total_in_credits,start_total_in_courses,307,0.9968651217054368,0.995857376344994,0,0,0.0,86.8013029315961,93.0,19.0,116.0,23.258063432639673,80
train_v2_status,degree_id,20.111,307,start_total_in_credits,total_reg_credits,307,0.42616678741986447,0.42272849835468945,2,2,0.6514657980456027,-85.57328990228012,-76.0,-291.0,27.0,56.01835311347881,136
train_v2_status,degree_id,20.111,307,start_total_in_credits,total_reg_courses,307,0.4128151294916591,0.41351850355337716,1,1,0.32573289902280134,58.07817589576547,60.0,-18.0,121.0,32.69966939222959,110
train_v2_status,degree_id,20.111,307,start_total_in_courses,total_reg_credits,307,0.4435836360989323,0.4392678887364075,0,0,0.0,-172.37459283387622,-161.0,-399.0,-72.0,56.82124021256891,159
train_v2_status,degree_id,20.111,307,start_total_in_courses,total_reg_courses,307,0.43295028090228727,0.43265733944813045,2,2,0.6514657980456027,-28.72312703583062,-25.0,-98.0,10.0,19.314008749623707,71
train_v2_status,degree_id,20.111,307,total_reg_credits,total_reg_courses,307,0.9964330018396074,0.9968084606766533,0,0,0.0,143.6514657980456,139.0,65.0,301.0,40.00921898829775,130
train_v2_status,degree_id,21.111,657,start_total_in_credits,start_total_in_courses,657,0.9970345071570488,0.9983094860117058,265,265,40.33485540334855,8.220700152207002,7.0,0.0,38.0,9.080349199354083,38
train_v2_status,degree_id,21.111,657,start_total_in_credits,total_reg_credits,657,0.8437314565382935,0.8871924481918148,419,419,63.77473363774734,-4.423135464231355,0.0,-56.0,16.0,8.814342554386723,46
train_v2_status,degree_id,21.111,657,start_total_in_credits,total_reg_courses,657,0.838026165460606,0.8793032747048968,247,247,37.595129375951295,6.80517503805175,4.0,-16.0,37.0,9.406395593223008,50
train_v2_status,degree_id,21.111,657,start_total_in_courses,total_reg_credits,657,0.8454303708993866,0.885657325533774,242,242,36.83409436834094,-12.643835616438356,-12.0,-61.0,0.0,12.950224685771333,50
train_v2_status,degree_id,21.111,657,start_total_in_courses,total_reg_courses,657,0.8438500638430152,0.8812477193631182,420,420,63.926940639269404,-1.4155251141552512,0.0,-18.0,6.0,2.843360270489513,22
train_v2_status,degree_id,21.111,657,total_reg_credits,total_reg_courses,657,0.9978686395448313,0.995828269400001,242,242,36.83409436834094,11.228310502283104,10.0,0.0,48.0,11.123869730516002,39
train_v2_status,degree_id,22.111,506,start_total_in_credits,start_total_in_courses,506,0.9983206390835444,0.998758412344987,149,149,29.446640316205535,7.049407114624506,5.0,0.0,40.0,7.392498850304358,32
train_v2_status,degree_id,22.111,506,start_total_in_credits,total_reg_credits,506,0.8251802418321198,0.8883234498287584,141,141,27.865612648221344,-19.602766798418973,-13.0,-210.0,0.0,23.641177205384686,77
train_v2_status,degree_id,22.111,506,start_total_in_credits,total_reg_courses,506,0.8320169761980808,0.8886113116559221,152,152,30.039525691699602,-1.1936758893280632,0.0,-79.0,25.0,7.699430320040574,47
train_v2_status,degree_id,22.111,506,start_total_in_courses,total_reg_credits,506,0.8234920088972761,0.8877932457815387,132,132,26.08695652173913,-26.652173913043477,-21.0,-213.0,0.0,28.78010804404876,90
train_v2_status,degree_id,22.111,506,start_total_in_courses,total_reg_courses,506,0.8318472579355384,0.889286677080136,141,141,27.865612648221344,-8.243083003952568,-6.0,-82.0,0.0,9.690773481734304,41
train_v2_status,degree_id,22.111,506,total_reg_credits,total_reg_courses,506,0.9982598703587025,0.998191681468103,132,132,26.08695652173913,18.40909090909091,14.0,0.0,131.0,19.389305931839125,67
train_v2_status,degree_id,24.111,4465,start_total_in_credits,start_total_in_courses,4465,0.9994455757037063,0.9995379536594656,345,345,7.726763717805152,46.38947368421053,42.0,0.0,119.0,32.51907940536711,120
train_v2_status,degree_id,24.111,4465,start_total_in_credits,total_reg_credits,4465,0.8601978339577782,0.8771875215038039,607,607,13.594624860022398,-20.70548712206047,-16.0,-136.0,90.0,29.782280894501884,187
train_v2_status,degree_id,24.111,4465,start_total_in_credits,total_reg_courses,4465,0.8525232059317829,0.8713068003517005,355,355,7.950727883538635,39.47144456886898,33.0,-27.0,145.0,33.68184944957383,157
train_v2_status,degree_id,24.111,4465,start_total_in_courses,total_reg_credits,4465,0.859397650198842,0.8753385203028303,323,323,7.234042553191489,-67.09496080627099,-63.0,-243.0,18.0,45.16195898723832,224
train_v2_status,degree_id,24.111,4465,start_total_in_courses,total_reg_courses,4465,0.8524493305476623,0.87000248969729,613,613,13.729003359462485,-6.918029115341545,-5.0,-49.0,30.0,10.199905986637763,78
train_v2_status,degree_id,24.111,4465,total_reg_credits,total_reg_courses,4465,0.9992254167918119,0.9992720085795814,321,321,7.189249720044792,60.17693169092945,57.0,0.0,200.0,38.85951464092383,177
train_v2_status,degree_id,26.111,1758,start_total_in_credits,start_total_in_courses,1758,0.9995958503910892,0.999572655414996,122,122,6.939704209328783,41.36689419795222,40.0,0.0,111.0,26.88852547227226,112
train_v2_status,degree_id,26.111,1758,start_total_in_credits,total_reg_credits,1758,0.8743016676001606,0.8741484030053771,136,136,7.736063708759955,-19.716154721274176,-13.0,-141.0,23.0,21.482496232915302,119
train_v2_status,degree_id,26.111,1758,start_total_in_credits,total_reg_courses,1758,0.8836664165012288,0.8826071772937792,67,67,3.8111490329920366,35.64960182025028,35.0,-36.0,117.0,29.17870434029805,145
train_v2_status,degree_id,26.111,1758,start_total_in_courses,total_reg_credits,1758,0.8741221233478631,0.8737699352856669,59,59,3.35608646188851,-61.08304891922639,-60.0,-182.0,1.0,31.68933463980225,149
train_v2_status,degree_id,26.111,1758,start_total_in_courses,total_reg_courses,1758,0.8839548261347758,0.8827605538801131,343,343,19.51080773606371,-5.717292377701934,-4.0,-46.0,10.0,7.156534771289768,51
train_v2_status,degree_id,26.111,1758,total_reg_credits,total_reg_courses,1758,0.9987983477141389,0.9986881246545803,59,59,3.35608646188851,55.36575654152446,54.0,0.0,141.0,28.75187572554072,125
train_v2_status,degree_id,27.111,902,start_total_in_credits,start_total_in_courses,902,0.9994523736923553,0.9994617428610136,77,77,8.536585365853659,38.42017738359202,38.0,0.0,106.0,25.462595856664795,99
train_v2_status,degree_id,27.111,902,start_total_in_credits,total_reg_credits,902,0.9061901788911061,0.9107709041625719,120,120,13.303769401330376,-18.30820399113082,-13.0,-122.0,13.0,18.290245918846523,81
train_v2_status,degree_id,27.111,902,start_total_in_credits,total_reg_courses,902,0.9141549835370096,0.9182768651968495,46,46,5.099778270509978,33.09312638580931,33.0,-30.0,106.0,26.49164166519686,119
train_v2_status,degree_id,27.111,902,start_total_in_courses,total_reg_credits,902,0.9074434249373936,0.9120202742964938,46,46,5.099778270509978,-56.72838137472284,-55.0,-151.0,0.0,31.24921225975947,131
train_v2_status,degree_id,27.111,902,start_total_in_courses,total_reg_courses,902,0.9159726792895734,0.920071680329156,200,200,22.172949002217297,-5.327050997782705,-3.0,-38.0,5.0,5.921097923249388,33
train_v2_status,degree_id,27.111,902,total_reg_credits,total_reg_courses,902,0.9986735415623974,0.9983764835773816,46,46,5.099778270509978,51.40133037694013,50.0,0.0,128.0,28.54800498604382,111
train_v2_status,degree_id,29.111,1030,start_total_in_credits,start_total_in_courses,1030,0.9994450690901098,0.9994318592839657,91,91,8.83495145631068,36.42718446601942,34.5,0.0,111.0,25.585695841919375,103
train_v2_status,degree_id,29.111,1030,start_total_in_credits,total_reg_credits,1030,0.8760149729010634,0.8820568861354067,154,154,14.951456310679612,-18.54854368932039,-13.0,-106.0,24.0,22.206318382577305,104
train_v2_status,degree_id,29.111,1030,start_total_in_credits,total_reg_courses,1030,0.8813908105654119,0.8876513773126885,69,69,6.699029126213592,30.849514563106798,28.0,-27.0,112.0,26.734734702417214,128
train_v2_status,degree_id,29.111,1030,start_total_in_courses,total_reg_credits,1030,0.8788270816908949,0.8848196650982182,66,66,6.407766990291262,-54.97572815533981,-52.0,-178.0,1.0,34.412187272116235,148
train_v2_status,degree_id,29.111,1030,start_total_in_courses,total_reg_courses,1030,0.8845336353644028,0.8907204061335388,191,191,18.54368932038835,-5.577669902912621,-4.0,-35.0,9.0,7.3183400758146,43
train_v2_status,degree_id,29.111,1030,total_reg_credits,total_reg_courses,1030,0.998992492001226,0.9988594499148009,65,65,6.310679611650485,49.398058252427184,46.5,0.0,146.0,30.35057225596949,119
train_v2_status,degree_id,3.111,5563,start_total_in_credits,start_total_in_courses,5563,0.9994558959927496,0.9995717267892933,302,302,5.4287255078195225,52.92396189106597,52.0,0.0,113.0,31.561885454243868,114
train_v2_status,degree_id,3.111,5563,start_total_in_credits,total_reg_credits,5563,0.90713342759568,0.9197391366913368,973,973,17.490562646054286,-20.747977709868774,-14.0,-155.0,72.0,25.451742609509157,174
train_v2_status,degree_id,3.111,5563,start_total_in_credits,total_reg_courses,5563,0.9131380269023017,0.9257489202808178,307,307,5.518605069207262,46.13679669243214,44.0,-15.0,126.0,30.784431314933617,133
train_v2_status,degree_id,3.111,5563,start_total_in_courses,total_reg_credits,5563,0.9076709702213669,0.9211915917894782,283,283,5.087183174546108,-73.67193960093475,-73.0,-263.0,15.0,44.59856561566903,228
train_v2_status,degree_id,3.111,5563,start_total_in_courses,total_reg_courses,5563,0.9143270056357938,0.9275501422310435,973,973,17.490562646054286,-6.787165198633831,-5.0,-51.0,25.0,8.378368102842906,70
train_v2_status,degree_id,3.111,5563,total_reg_credits,total_reg_courses,5563,0.9991254182171866,0.9992798450023888,281,281,5.051231349991013,66.88477440230092,67.0,0.0,213.0,38.92852304646178,183
train_v2_status,degree_id,30.111,429,start_total_in_credits,start_total_in_courses,429,0.9993992991084095,0.9991188203442014,59,59,13.752913752913754,27.533799533799534,23.0,0.0,107.0,22.742502097423408,85
train_v2_status,degree_id,30.111,429,start_total_in_credits,total_reg_credits,429,0.849171814592042,0.8459736741840563,55,55,12.82051282051282,-21.44055944055944,-15.0,-170.0,34.0,26.750567042017494,91
train_v2_status,degree_id,30.111,429,start_total_in_credits,total_reg_courses,429,0.8574126792843925,0.8533377339135212,46,46,10.722610722610723,20.815850815850816,17.0,-53.0,99.0,22.664891754827906,101
train_v2_status,degree_id,30.111,429,start_total_in_courses,total_reg_credits,429,0.8492564416353613,0.8436544452862067,42,42,9.79020979020979,-48.97435897435897,-42.0,-229.0,4.0,39.090737900426085,130
train_v2_status,degree_id,30.111,429,start_total_in_courses,total_reg_courses,429,0.857668374534996,0.8511859140731411,72,72,16.783216783216783,-6.717948717948718,-5.0,-57.0,12.0,8.699134100596893,43
train_v2_status,degree_id,30.111,429,total_reg_credits,total_reg_courses,429,0.9987478126603454,0.9986010168402305,41,41,9.557109557109557,42.256410256410255,37.0,0.0,187.0,32.584820833723725,108
train_v2_status,degree_id,31.111,328,start_total_in_credits,start_total_in_courses,328,0.9992040689187648,0.9993957195634277,64,64,19.51219512195122,20.570121951219512,17.0,0.0,79.0,18.39245849930593,66
train_v2_status,degree_id,31.111,328,start_total_in_credits,total_reg_credits,328,0.7427140508535583,0.8220054364141481,57,57,17.378048780487802,-18.13109756097561,-12.0,-103.0,53.0,25.616876294451945,78
train_v2_status,degree_id,31.111,328,start_total_in_credits,total_reg_courses,328,0.756073221499806,0.8285862737970584,52,52,15.853658536585366,14.685975609756097,9.0,-27.0,91.0,20.46079681695521,79
train_v2_status,degree_id,31.111,328,start_total_in_courses,total_reg_credits,328,0.7381648311292963,0.8194740445654483,45,45,13.719512195121952,-38.701219512195124,-34.5,-150.0,11.0,31.600754815830907,100
train_v2_status,degree_id,31.111,328,start_total_in_courses,total_reg_courses,328,0.7526689448793149,0.8266078220008661,57,57,17.378048780487802,-5.884146341463414,-4.0,-33.0,19.0,8.489532601682642,44
train_v2_status,degree_id,31.111,328,total_reg_credits,total_reg_courses,328,0.9983758847293647,0.9992248709994956,45,45,13.719512195121952,32.81707317073171,30.0,0.0,117.0,25.402149273983667,82
train_v2_status,degree_id,33.111,148,start_total_in_credits,start_total_in_courses,148,0.9995116481164716,0.9992445675572831,19,19,12.837837837837837,24.39189189189189,22.0,0.0,73.0,18.43489560556916,56
train_v2_status,degree_id,33.111,148,start_total_in_credits,total_reg_credits,148,0.821190825907778,0.8461479943578383,37,37,25.0,-14.513513513513514,-9.0,-77.0,12.0,19.392293330920637,39
train_v2_status,degree_id,33.111,148,start_total_in_credits,total_reg_courses,148,0.8279934532082652,0.8538764887173319,19,19,12.837837837837837,19.472972972972972,16.0,-20.0,75.0,19.81425513986241,68
train_v2_status,degree_id,33.111,148,start_total_in_courses,total_reg_credits,148,0.8233999692070498,0.8491896922720914,18,18,12.162162162162163,-38.9054054054054,-38.5,-122.0,0.0,26.28631930924765,69
train_v2_status,degree_id,33.111,148,start_total_in_courses,total_reg_courses,148,0.8308907590727022,0.8580096817792774,40,40,27.027027027027028,-4.918918918918919,-3.0,-26.0,4.0,6.632750646318485,25
train_v2_status,degree_id,33.111,148,total_reg_credits,total_reg_courses,148,0.9992594971954301,0.9984748106652059,18,18,12.162162162162163,33.986486486486484,34.0,0.0,96.0,22.063293765640065,56
train_v2_status,degree_id,34.111,423,start_total_in_credits,start_total_in_courses,423,0.9995463074445744,0.9994324974502526,56,56,13.238770685579196,28.250591016548462,26.0,0.0,82.0,20.24584898957412,74
train_v2_status,degree_id,34.111,423,start_total_in_credits,total_reg_credits,423,0.9305061153923528,0.9370007437566306,139,139,32.860520094562645,-8.087470449172576,-6.0,-45.0,44.0,12.555635768760336,39
train_v2_status,degree_id,34.111,423,start_total_in_credits,total_reg_courses,423,0.9305332488780612,0.9375506651421132,56,56,13.238770685579196,25.46808510638298,23.0,-12.0,90.0,20.50565285308245,83
train_v2_status,degree_id,34.111,423,start_total_in_courses,total_reg_credits,423,0.930695048335218,0.9364310501950699,54,54,12.76595744680851,-36.33806146572104,-35.0,-105.0,8.0,24.35736394242409,82
train_v2_status,degree_id,34.111,423,start_total_in_courses,total_reg_courses,423,0.9315478765124475,0.93809879545659,139,139,32.860520094562645,-2.7825059101654848,-2.0,-15.0,16.0,4.374091793000071,19
train_v2_status,degree_id,34.111,423,total_reg_credits,total_reg_courses,423,0.9993043566347418,0.9987090980859589,54,54,12.76595744680851,33.55555555555556,32.0,0.0,96.0,22.232637106559213,71
train_v2_status,degree_id,35.111,143,start_total_in_credits,start_total_in_courses,143,0.9994796782811276,0.9993012438576799,19,19,13.286713286713287,23.853146853146853,23.0,0.0,73.0,17.347710829198576,53
train_v2_status,degree_id,35.111,143,start_total_in_credits,total_reg_credits,143,0.9507452946187241,0.9576406672581221,33,33,23.076923076923077,-12.097902097902098,-12.0,-40.0,0.0,10.400646435296116,25
train_v2_status,degree_id,35.111,143,start_total_in_credits,total_reg_courses,143,0.9525978402983932,0.9577815070378848,21,21,14.685314685314685,19.734265734265733,18.0,-8.0,71.0,16.55505158807479,53
train_v2_status,degree_id,35.111,143,start_total_in_courses,total_reg_credits,143,0.9521923751310459,0.9597647847558157,18,18,12.587412587412588,-35.95104895104895,-36.0,-86.0,0.0,22.881300770460825,58
train_v2_status,degree_id,35.111,143,start_total_in_courses,total_reg_courses,143,0.9548904836160044,0.9611043327469717,33,33,23.076923076923077,-4.118881118881119,-4.0,-14.0,0.0,3.52953236835829,15
train_v2_status,degree_id,35.111,143,total_reg_credits,total_reg_courses,143,0.9994328311308565,0.9987051625771902,18,18,12.587412587412588,31.832167832167833,30.0,0.0,78.0,20.575859646609814,52
train_v2_status,degree_id,36.111,424,start_total_in_credits,start_total_in_courses,424,0.9995888488436439,0.9994799675946859,58,58,13.679245283018867,26.33490566037736,24.0,0.0,79.0,18.83337685278512,70
train_v2_status,degree_id,36.111,424,start_total_in_credits,total_reg_credits,424,0.9313342834073551,0.9345536229057465,137,137,32.31132075471698,-7.452830188679245,-3.0,-46.0,37.0,11.550388795741815,41
train_v2_status,degree_id,36.111,424,start_total_in_credits,total_reg_courses,424,0.9322815725294888,0.9375469061270362,61,61,14.38679245283019,23.754716981132077,21.0,-6.0,91.0,19.079186149512477,72
train_v2_status,degree_id,36.111,424,start_total_in_courses,total_reg_credits,424,0.9316057931380606,0.9351631387905223,57,57,13.443396226415095,-33.7877358490566,-33.0,-86.0,4.0,22.455993014887348,77
train_v2_status,degree_id,36.111,424,start_total_in_courses,total_reg_courses,424,0.9332104527000805,0.9390303201842746,137,137,32.31132075471698,-2.580188679245283,-1.0,-16.0,13.0,4.025707457291435,21
train_v2_status,degree_id,36.111,424,total_reg_credits,total_reg_courses,424,0.9994597468986036,0.9990226823073693,57,57,13.443396226415095,31.20754716981132,30.0,0.0,80.0,20.51314148633582,64
train_v2_status,degree_id,37.111,117,start_total_in_credits,start_total_in_courses,117,0.9994771469939749,0.9993326483416802,16,16,13.675213675213676,27.299145299145298,28.0,0.0,75.0,18.289937386662004,47
train_v2_status,degree_id,37.111,117,start_total_in_credits,total_reg_credits,117,0.9563981617745558,0.9616243250278307,34,34,29.059829059829063,-7.418803418803419,-3.0,-39.0,9.0,10.017432491824643,26
train_v2_status,degree_id,37.111,117,start_total_in_credits,total_reg_courses,117,0.9578512810162708,0.9636175954748271,15,15,12.82051282051282,24.77777777777778,24.0,-6.0,74.0,17.58090221249649,48
train_v2_status,degree_id,37.111,117,start_total_in_courses,total_reg_credits,117,0.9570440260023952,0.9620440850250018,15,15,12.82051282051282,-34.717948717948715,-33.0,-90.0,0.0,23.321532951421613,56
train_v2_status,degree_id,37.111,117,start_total_in_courses,total_reg_courses,117,0.959460909124963,0.9650466808051578,34,34,29.059829059829063,-2.5213675213675213,-1.0,-13.0,3.0,3.405366683882173,15
train_v2_status,degree_id,37.111,117,total_reg_credits,total_reg_courses,117,0.9994231496788782,0.9991692712007917,15,15,12.82051282051282,32.1965811965812,32.0,0.0,77.0,21.220208047762704,50
train_v2_status,degree_id,39.111,216,start_total_in_credits,start_total_in_courses,216,0.998866860855729,0.9987456376102596,53,53,24.537037037037038,9.13888888888889,8.0,0.0,36.0,8.067688448324267,33
train_v2_status,degree_id,39.111,216,start_total_in_credits,total_reg_credits,216,0.8736066090703465,0.9014391382822079,53,53,24.537037037037038,-17.37037037037037,-15.0,-64.0,0.0,15.397428110575067,47
train_v2_status,degree_id,39.111,216,start_total_in_credits,total_reg_courses,216,0.8762404027048071,0.9012468206442855,69,69,31.944444444444443,3.2037037037037037,0.0,-9.0,29.0,6.341827569120067,32
train_v2_status,degree_id,39.111,216,start_total_in_courses,total_reg_credits,216,0.8734482734598462,0.900950661178083,51,51,23.61111111111111,-26.50925925925926,-25.0,-83.0,0.0,21.32145785424032,62
train_v2_status,degree_id,39.111,216,start_total_in_courses,total_reg_courses,216,0.8772880751803436,0.9024126852745294,53,53,24.537037037037038,-5.935185185185185,-5.0,-21.0,0.0,5.278782714063076,22
train_v2_status,degree_id,39.111,216,total_reg_credits,total_reg_courses,216,0.9991046128760537,0.9981018709403633,51,51,23.61111111111111,20.574074074074073,20.0,0.0,62.0,16.35291238051253,45
train_v2_status,degree_id,4.111,379,start_total_in_credits,start_total_in_courses,379,0.9991781094192105,0.99885044491662,65,65,17.150395778364118,27.970976253298154,21.0,0.0,108.0,27.20122355338123,90
train_v2_status,degree_id,4.111,379,start_total_in_credits,total_reg_credits,379,0.9272712693331656,0.9443198217636599,153,153,40.369393139841684,-10.799472295514512,-1.0,-111.0,16.0,20.351459517260576,69
train_v2_status,degree_id,4.111,379,start_total_in_credits,total_reg_courses,379,0.9301212766787997,0.9414356990829738,70,70,18.46965699208443,24.5065963060686,18.0,-16.0,105.0,25.784040709621838,90
train_v2_status,degree_id,4.111,379,start_total_in_courses,total_reg_credits,379,0.9248533356598976,0.940262041532313,64,64,16.886543535620053,-38.770448548812666,-25.0,-181.0,5.0,38.91474295995724,112
train_v2_status,degree_id,4.111,379,start_total_in_courses,total_reg_courses,379,0.9288549429045093,0.9384796941016886,155,155,40.89709762532981,-3.4643799472295513,-1.0,-38.0,7.0,6.78433246596136,33
train_v2_status,degree_id,4.111,379,total_reg_credits,total_reg_courses,379,0.9988431551113074,0.9985005638291191,64,64,16.886543535620053,35.306068601583114,23.0,0.0,151.0,34.1241313257352,95
train_v2_status,degree_id,40.111,719,start_total_in_credits,start_total_in_courses,719,0.9986799038444188,0.9986324997612268,285,285,39.63838664812239,5.680111265646731,4.0,0.0,30.0,6.20679221703818,29
train_v2_status,degree_id,40.111,719,start_total_in_credits,total_reg_credits,719,0.8069587349283959,0.8455280909658709,309,309,42.97635605006954,-8.497913769123784,-3.0,-56.0,23.0,10.379011582778526,45
train_v2_status,degree_id,40.111,719,start_total_in_credits,total_reg_courses,719,0.8080537249601553,0.8398939220476414,273,273,37.96940194714882,2.702364394993046,0.0,-18.0,33.0,5.930458885386977,40
train_v2_status,degree_id,40.111,719,start_total_in_courses,total_reg_credits,719,0.805820333989446,0.845615844796001,251,251,34.909596662030594,-14.178025034770515,-12.0,-71.0,0.0,13.877157680385436,50
train_v2_status,degree_id,40.111,719,start_total_in_courses,total_reg_courses,719,0.8083356309060151,0.8421069629963993,310,310,43.11543810848401,-2.977746870653686,-1.0,-18.0,8.0,3.6128145398877862,19
train_v2_status,degree_id,40.111,719,total_reg_credits,total_reg_courses,719,0.9989083714927982,0.9968235007921289,251,251,34.909596662030594,11.20027816411683,10.0,0.0,53.0,10.69396778551936,39
train_v2_status,degree_id,41.111,2107,start_total_in_credits,start_total_in_courses,2107,0.9951839171273534,0.9945990151986498,578,578,27.432368296155673,18.046037019458947,14.0,0.0,136.5,16.85299737768075,79
train_v2_status,degree_id,41.111,2107,start_total_in_credits,total_reg_credits,2107,0.8441754644810339,0.9239074469480059,1176,1176,55.81395348837209,-1.1504508780256288,0.0,-360.0,47.0,16.219665339295375,74
train_v2_status,degree_id,41.111,2107,start_total_in_credits,total_reg_courses,2107,0.8322844324578209,0.9229159923033022,571,571,27.100142382534408,17.78737541528239,14.0,-115.0,109.5,17.285900256182458,96
train_v2_status,degree_id,41.111,2107,start_total_in_courses,total_reg_credits,2107,0.8321296467361394,0.9178057547559928,574,574,27.242524916943523,-19.196487897484577,-13.0,-384.5,5.0,24.2834896565649,80
train_v2_status,degree_id,41.111,2107,start_total_in_courses,total_reg_courses,2107,0.8260459433732286,0.9302639082910776,1182,1182,56.09871855719032,-0.2586616041765543,0.0,-115.0,15.0,5.316927644360737,32
train_v2_status,degree_id,41.111,2107,total_reg_credits,total_reg_courses,2107,0.997024492068264,0.9870001742261113,570,570,27.05268153773137,18.93782629330802,12.0,0.0,299.5,20.79823088626294,69
train_v2_status,degree_id,42.111,1647,start_total_in_credits,start_total_in_courses,1647,0.9978231796966963,0.9968532915011397,470,470,28.536733454766246,14.647237401335762,11.0,0.0,61.0,13.56228700310768,58
train_v2_status,degree_id,42.111,1647,start_total_in_credits,total_reg_credits,1647,0.9211438446657895,0.9407304384213468,1099,1099,66.72738312082575,-0.49544626593806923,0.0,-105.0,67.0,8.782082853794307,60
train_v2_status,degree_id,42.111,1647,start_total_in_credits,total_reg_courses,1647,0.9275383603630175,0.9419220856257615,475,475,28.840315725561627,14.492410443230115,11.0,-39.0,81.0,14.756995892891998,79
train_v2_status,degree_id,42.111,1647,start_total_in_courses,total_reg_credits,1647,0.9134544969456138,0.9337957008988446,466,466,28.29386763812993,-15.14268366727383,-11.0,-105.0,22.0,14.303672967153231,67
train_v2_status,degree_id,42.111,1647,start_total_in_courses,total_reg_courses,1647,0.9237503432709827,0.9435938872052868,1103,1103,66.97024893746205,-0.15482695810564662,0.0,-39.0,30.0,3.385832745623804,34
train_v2_status,degree_id,42.111,1647,total_reg_credits,total_reg_courses,1647,0.9968140333153145,0.9912761957725645,463,463,28.111718275652702,14.987856709168184,11.0,0.0,78.0,13.397506095663605,47
train_v2_status,degree_id,44.111,1115,start_total_in_credits,start_total_in_courses,1115,0.9984169986704731,0.9971676815265677,341,341,30.582959641255602,13.406278026905829,10.0,0.0,65.0,13.207192835636063,60
train_v2_status,degree_id,44.111,1115,start_total_in_credits,total_reg_credits,1115,0.9142518023666206,0.9248381171903709,690,690,61.88340807174888,-1.3408071748878925,0.0,-37.0,53.0,8.731198999717016,54
train_v2_status,degree_id,44.111,1115,start_total_in_credits,total_reg_courses,1115,0.9021449125866681,0.9203972007349294,343,343,30.76233183856502,12.977578475336323,10.0,-10.0,77.0,14.668645326370354,75
train_v2_status,degree_id,44.111,1115,start_total_in_courses,total_reg_credits,1115,0.9070355459264893,0.9158560970087442,340,340,30.493273542600896,-14.747085201793722,-11.0,-57.0,14.0,13.854160819658876,60
train_v2_status,degree_id,44.111,1115,start_total_in_courses,total_reg_courses,1115,0.8961764488996018,0.9175316119579823,693,693,62.152466367713,-0.42869955156950673,0.0,-15.0,20.0,3.639140113669822,26
train_v2_status,degree_id,44.111,1115,total_reg_credits,total_reg_courses,1115,0.9982834780785912,0.9928097133077642,338,338,30.313901345291477,14.318385650224215,11.0,0.0,52.0,13.021869916982078,47
train_v2_status,degree_id,45.111,404,start_total_in_credits,start_total_in_courses,404,0.9996938709272786,0.9996459926316807,120,120,29.7029702970297,12.378712871287128,10.0,0.0,66.0,12.254847314692842,42
train_v2_status,degree_id,45.111,404,start_total_in_credits,total_reg_credits,404,0.8813742962216801,0.9115322961523143,189,189,46.78217821782179,-6.1138613861386135,-3.0,-48.0,40.0,9.881024546821166,29
train_v2_status,degree_id,45.111,404,start_total_in_credits,total_reg_courses,404,0.8837546781106104,0.9127896012341623,115,115,28.465346534653463,10.351485148514852,8.5,-16.0,78.0,12.742154605573372,55
train_v2_status,degree_id,45.111,404,start_total_in_courses,total_reg_credits,404,0.8786544406081552,0.9109115085902063,110,110,27.22772277227723,-18.492574257425744,-15.0,-56.0,6.0,15.685888279708752,48
train_v2_status,degree_id,45.111,404,start_total_in_courses,total_reg_courses,404,0.8814819589287125,0.9128736607859235,189,189,46.78217821782179,-2.027227722772277,-1.0,-16.0,14.0,3.3262250285525616,19
train_v2_status,degree_id,45.111,404,total_reg_credits,total_reg_courses,404,0.9997708291972666,0.9994319021368115,110,110,27.22772277227723,16.465346534653467,12.0,0.0,55.0,13.87506420090976,42
train_v2_status,degree_id,46.111,398,start_total_in_credits,start_total_in_courses,398,0.9994515873814679,0.9983591956481368,130,130,32.663316582914575,13.168341708542714,11.0,0.0,56.0,12.862939667529263,46
train_v2_status,degree_id,46.111,398,start_total_in_credits,total_reg_credits,398,0.922572796159471,0.9433798157967445,246,246,61.80904522613066,-1.9170854271356783,0.0,-27.0,35.0,7.834282315131847,30
train_v2_status,degree_id,46.111,398,start_total_in_credits,total_reg_courses,398,0.9247201074744654,0.9456425512727534,126,126,31.65829145728643,12.557788944723619,11.0,-6.0,65.0,13.421116754867562,53
train_v2_status,degree_id,46.111,398,start_total_in_courses,total_reg_credits,398,0.9164547283434812,0.9379198508601805,127,127,31.909547738693465,-15.085427135678392,-12.0,-60.0,4.0,14.396079045441043,47
train_v2_status,degree_id,46.111,398,start_total_in_courses,total_reg_courses,398,0.9192953143430583,0.942996002288291,246,246,61.80904522613066,-0.6105527638190955,0.0,-9.0,12.0,2.6955676270911035,19
train_v2_status,degree_id,46.111,398,total_reg_credits,total_reg_courses,398,0.9996166385655219,0.9981552375735104,126,126,31.65829145728643,14.474874371859297,11.0,0.0,55.0,13.406570886370648,37
train_v2_status,degree_id,47.111,473,start_total_in_credits,start_total_in_courses,473,0.9995736836111385,0.9990573476239384,148,148,31.289640591966172,12.94291754756871,11.0,0.0,55.0,12.327922245602092,45
train_v2_status,degree_id,47.111,473,start_total_in_credits,total_reg_credits,473,0.9426997589075059,0.9459825315547641,301,301,63.63636363636363,-2.980972515856237,0.0,-36.0,27.0,6.7502085266978264,24
train_v2_status,degree_id,47.111,473,start_total_in_credits,total_reg_courses,473,0.9437695598490085,0.9473273413849987,145,145,30.655391120507396,11.961945031712473,10.0,-12.0,55.0,12.388769091345072,53
train_v2_status,degree_id,47.111,473,start_total_in_courses,total_reg_credits,473,0.9407108131192745,0.9435486801551894,142,142,30.021141649048626,-15.923890063424947,-12.0,-57.0,0.0,14.451061485430227,49
train_v2_status,degree_id,47.111,473,start_total_in_courses,total_reg_courses,473,0.9423606898736063,0.947031864547077,303,303,64.05919661733616,-0.9809725158562368,0.0,-12.0,9.0,2.2749691526325058,16
train_v2_status,degree_id,47.111,473,total_reg_credits,total_reg_courses,473,0.999727114484229,0.9982352220477356,142,142,30.021141649048626,14.94291754756871,12.0,0.0,55.0,13.403409853733871,42
train_v2_status,degree_id,48.111,435,start_total_in_credits,start_total_in_courses,435,0.9995831760331421,0.9994011019959947,134,134,30.804597701149426,12.53103448275862,10.0,0.0,52.0,12.285798912490918,45
train_v2_status,degree_id,48.111,435,start_total_in_credits,total_reg_credits,435,0.9185120118575361,0.933184114436609,240,240,55.172413793103445,-4.726436781609196,0.0,-42.0,29.0,8.396626212013139,29
train_v2_status,degree_id,48.111,435,start_total_in_credits,total_reg_courses,435,0.9197042222375283,0.9350195358221309,136,136,31.264367816091955,10.963218390804597,9.0,-6.0,56.0,12.333070776549711,56
train_v2_status,degree_id,48.111,435,start_total_in_courses,total_reg_credits,435,0.9167194065456266,0.9327198488422035,129,129,29.655172413793103,-17.257471264367815,-13.0,-60.0,1.0,15.581742478294482,51
train_v2_status,degree_id,48.111,435,start_total_in_courses,total_reg_courses,435,0.9185442032897319,0.935815672657064,240,240,55.172413793103445,-1.567816091954023,0.0,-14.0,11.0,2.822208430808999,19
train_v2_status,degree_id,48.111,435,total_reg_credits,total_reg_courses,435,0.9996763505008889,0.998798337751125,129,129,29.655172413793103,15.689655172413794,12.0,0.0,52.0,14.020976997476646,41
train_v2_status,degree_id,49.111,222,start_total_in_credits,start_total_in_courses,222,0.9996680921733526,0.9995860107927471,72,72,32.432432432432435,12.644144144144144,10.0,0.0,77.0,14.240164882139926,45
train_v2_status,degree_id,49.111,222,start_total_in_credits,total_reg_credits,222,0.7410034993564355,0.8085625913750978,100,100,45.04504504504504,-4.5675675675675675,0.0,-51.0,52.0,14.993284542981792,26
train_v2_status,degree_id,49.111,222,start_total_in_credits,total_reg_courses,222,0.747935650707468,0.814224234325944,61,61,27.47747747747748,11.166666666666666,5.5,-10.0,95.0,17.24678910812009,57
train_v2_status,degree_id,49.111,222,start_total_in_courses,total_reg_credits,222,0.7342968060023923,0.8065982679704443,61,61,27.47747747747748,-17.21171171171171,-14.5,-61.0,8.0,15.136341086642254,51
train_v2_status,degree_id,49.111,222,start_total_in_courses,total_reg_courses,222,0.7416825076606379,0.8130523392313836,100,100,45.04504504504504,-1.4774774774774775,0.0,-17.0,18.0,5.102296256809342,23
train_v2_status,degree_id,49.111,222,total_reg_credits,total_reg_courses,222,0.9997358411498183,0.999260232649756,60,60,27.027027027027028,15.734234234234235,12.0,0.0,53.0,13.069829825724314,33
train_v2_status,degree_id,5.111,142,start_total_in_credits,start_total_in_courses,142,0.9997287077533488,0.999636868094342,23,23,16.19718309859155,43.021126760563384,35.5,0.0,110.0,35.54568897060747,69
train_v2_status,degree_id,5.111,142,start_total_in_credits,total_reg_credits,142,0.786559265554243,0.8421217777665745,30,30,21.12676056338028,14.345070422535212,0.0,-68.0,74.0,33.35815652479307,44
train_v2_status,degree_id,5.111,142,start_total_in_credits,total_reg_courses,142,0.796577396571411,0.8472475427346107,20,20,14.084507042253522,48.11971830985915,39.0,-7.0,133.0,43.52963975854545,83
train_v2_status,degree_id,5.111,142,start_total_in_courses,total_reg_credits,142,0.7874106659506985,0.8428437912613929,20,20,14.084507042253522,-28.676056338028168,-22.0,-121.0,13.0,29.550905542466584,71
train_v2_status,degree_id,5.111,142,start_total_in_courses,total_reg_courses,142,0.7980216642393443,0.8482454384468535,31,31,21.830985915492956,5.098591549295775,0.0,-22.0,25.0,11.142729626716806,26
train_v2_status,degree_id,5.111,142,total_reg_credits,total_reg_courses,142,0.9989634040467387,0.9988087910131386,20,20,14.084507042253522,33.774647887323944,27.0,0.0,116.0,27.60187946273111,59
train_v2_status,degree_id,50.111,450,start_total_in_credits,start_total_in_courses,450,0.9994737527425869,0.9996237783717241,136,136,30.22222222222222,18.52888888888889,12.0,0.0,106.0,22.27356360652083,77
train_v2_status,degree_id,50.111,450,start_total_in_credits,total_reg_credits,450,0.7190437872953368,0.8425759841999395,221,221,49.111111111111114,2.051111111111111,0.0,-47.0,86.0,23.168013452064056,69
train_v2_status,degree_id,50.111,450,start_total_in_credits,total_reg_courses,450,0.7001547632879719,0.8430652701397259,136,136,30.22222222222222,19.211111111111112,9.0,-12.0,132.0,28.461944445407486,93
train_v2_status,degree_id,50.111,450,start_total_in_courses,total_reg_credits,450,0.7259906435389242,0.8421789995710066,134,134,29.777777777777775,-16.477777777777778,-13.0,-72.0,17.0,16.653836932761894,67
train_v2_status,degree_id,50.111,450,start_total_in_courses,total_reg_courses,450,0.7082774521664668,0.8432088222114654,221,221,49.111111111111114,0.6822222222222222,0.0,-16.0,29.0,7.790628511284656,39
train_v2_status,degree_id,50.111,450,total_reg_credits,total_reg_courses,450,0.9987210602169976,0.9981536932178393,130,130,28.888888888888886,17.16,12.0,0.0,57.0,15.182665065314568,49
train_v2_status,degree_id,53.111,211,start_total_in_credits,start_total_in_courses,211,0.9993002078109413,0.9988421366559983,47,47,22.274881516587676,15.075829383886257,13.0,0.0,47.0,12.00571029410545,42
train_v2_status,degree_id,53.111,211,start_total_in_credits,total_reg_credits,211,0.9187458725415706,0.9311233230139039,92,92,43.60189573459716,-5.061611374407583,-3.0,-38.0,32.0,8.612338616120894,26
train_v2_status,degree_id,53.111,211,start_total_in_credits,total_reg_courses,211,0.9151640616607561,0.9247039838311433,50,50,23.696682464454977,13.336492890995261,11.0,-5.0,47.0,11.908602133939695,47
train_v2_status,degree_id,53.111,211,start_total_in_courses,total_reg_credits,211,0.9203463853226194,0.9341808656247264,46,46,21.80094786729858,-20.137440758293838,-21.0,-75.0,0.0,15.874060034865728,51
train_v2_status,degree_id,53.111,211,start_total_in_courses,total_reg_courses,211,0.9178527560280955,0.9299305746759698,92,92,43.60189573459716,-1.7393364928909953,-1.0,-13.0,11.0,2.994171725129788,18
train_v2_status,degree_id,53.111,211,total_reg_credits,total_reg_courses,211,0.999283492384488,0.9979924481527783,46,46,21.80094786729858,18.398104265402843,19.0,0.0,62.0,14.07777025798816,41
train_v2_status,degree_id,55.111,242,start_total_in_credits,start_total_in_courses,242,0.999619864063223,0.9992596595686366,54,54,22.31404958677686,15.785123966942148,12.0,0.0,54.0,13.403539887650506,45
train_v2_status,degree_id,55.111,242,start_total_in_credits,total_reg_credits,242,0.9209421912894918,0.9427063948188472,125,125,51.652892561983464,-3.475206611570248,0.0,-26.0,46.0,8.426974875884838,24
train_v2_status,degree_id,55.111,242,start_total_in_credits,total_reg_courses,242,0.9188752877673109,0.9389958807101741,58,58,23.96694214876033,14.553719008264462,11.0,-3.0,69.0,13.923293365607952,52
train_v2_status,degree_id,55.111,242,start_total_in_courses,total_reg_credits,242,0.9197618156581703,0.9403217044738923,54,54,22.31404958677686,-19.260330578512395,-19.5,-56.0,5.0,15.348320785271879,47
train_v2_status,degree_id,55.111,242,start_total_in_courses,total_reg_courses,242,0.9184300794370396,0.9380851440517233,125,125,51.652892561983464,-1.2314049586776858,0.0,-9.0,16.0,2.9484093202904016,14
train_v2_status,degree_id,55.111,242,total_reg_credits,total_reg_courses,242,0.999457039052452,0.9984744817345946,54,54,22.31404958677686,18.02892561983471,18.0,0.0,54.0,14.14694628877021,41
train_v2_status,degree_id,6.111,1328,start_total_in_credits,start_total_in_courses,1328,0.9994060165593524,0.9994037540480483,30,30,2.2590361445783134,63.7394578313253,67.0,0.0,112.0,30.07548719847779,112
train_v2_status,degree_id,6.111,1328,start_total_in_credits,total_reg_credits,1328,0.8311407013700475,0.8253066121938987,75,75,5.647590361445784,-35.83057228915663,-29.0,-156.0,63.0,33.209127938283714,152
train_v2_status,degree_id,6.111,1328,start_total_in_credits,total_reg_courses,1328,0.8386077551374389,0.8350008076377162,32,32,2.4096385542168677,52.02334337349398,54.0,-23.0,121.0,30.778253466974597,132
train_v2_status,degree_id,6.111,1328,start_total_in_courses,total_reg_credits,1328,0.8332054531721733,0.8277163162331614,23,23,1.7319277108433735,-99.57003012048193,-99.0,-265.0,0.0,47.12937737659652,209
train_v2_status,degree_id,6.111,1328,start_total_in_courses,total_reg_courses,1328,0.8412616053298071,0.8379458119314445,73,73,5.496987951807228,-11.716114457831326,-9.0,-53.0,21.0,11.025556909402516,69
train_v2_status,degree_id,6.111,1328,total_reg_credits,total_reg_courses,1328,0.9983165626504417,0.9981647245891023,23,23,1.7319277108433735,87.8539156626506,89.0,0.0,212.0,39.1809480680803,176
train_v2_status,degree_id,7.111,907,start_total_in_credits,start_total_in_courses,907,0.9983676916190007,0.9995626840339963,87,87,9.592061742006615,28.471885336273427,25.0,0.0,82.0,21.183369322314082,82
train_v2_status,degree_id,7.111,907,start_total_in_credits,total_reg_credits,907,0.9128748117706303,0.931416333078007,155,155,17.089305402425577,-18.21058434399118,-13.0,-97.0,9.0,18.037145214662154,76
train_v2_status,degree_id,7.111,907,start_total_in_credits,total_reg_courses,907,0.8981205757521935,0.9221977776232365,97,97,10.694597574421168,20.925027563395812,16.0,-16.0,79.0,20.70061217046808,90
train_v2_status,degree_id,7.111,907,start_total_in_courses,total_reg_credits,907,0.9164026744576275,0.9303820363645655,81,81,8.930540242557882,-46.68246968026461,-44.0,-146.0,0.0,31.087474520128563,120
train_v2_status,degree_id,7.111,907,start_total_in_courses,total_reg_courses,907,0.9045778966987422,0.9215441844861845,155,155,17.089305402425577,-7.546857772877619,-6.0,-40.0,4.0,7.3227968565326815,38
train_v2_status,degree_id,7.111,907,total_reg_credits,total_reg_courses,907,0.9970968997533278,0.997991507117937,81,81,8.930540242557882,39.13561190738699,37.0,0.0,114.0,26.152514129485265,95
train_v2_status,degree_id,8.111,2624,start_total_in_credits,start_total_in_courses,2624,0.9983645286099105,0.9994972436223947,181,181,6.897865853658537,36.68140243902439,34.0,0.0,84.0,24.03477633910906,85
train_v2_status,degree_id,8.111,2624,start_total_in_credits,total_reg_credits,2624,0.8858329479787563,0.9208557785237521,349,349,13.30030487804878,-20.561356707317074,-13.0,-184.0,30.0,25.228608756687077,144
train_v2_status,degree_id,8.111,2624,start_total_in_credits,total_reg_courses,2624,0.8668636762724227,0.9043832906909086,205,205,7.8125,28.1234756097561,24.0,-30.0,88.0,23.24018036049032,104
train_v2_status,degree_id,8.111,2624,start_total_in_courses,total_reg_credits,2624,0.8855363563637052,0.9195592691577158,172,172,6.554878048780488,-57.24275914634146,-53.0,-262.0,5.0,39.715881745693224,196
train_v2_status,degree_id,8.111,2624,start_total_in_courses,total_reg_courses,2624,0.8691094339923603,0.9036997587917176,352,352,13.414634146341465,-8.557926829268293,-6.0,-73.0,13.0,10.35502451193414,68
train_v2_status,degree_id,8.111,2624,total_reg_credits,total_reg_courses,2624,0.9975987894567211,0.9980432722665286,171,171,6.516768292682927,48.68483231707317,46.0,0.0,189.0,31.92090370192587,148
train_v2_status,progress_quartile,"(-0.001, 32.0]",19133,start_total_in_credits,start_total_in_courses,19133,0.9854496350636697,0.9883901325501797,6639,6639,34.69921078764438,7.745831808916532,8.0,0.0,23.0,7.010717953120658,24
train_v2_status,progress_quartile,"(-0.001, 32.0]",19133,start_total_in_credits,total_reg_credits,19133,0.6797358991259996,0.8188748672986543,9529,9529,49.804003554068885,-8.113625672921131,0.0,-360.0,25.0,15.699847351722838,157
train_v2_status,progress_quartile,"(-0.001, 32.0]",19133,start_total_in_credits,total_reg_courses,19133,0.6863088666081671,0.8162576634934189,6514,6514,34.04588930120734,4.908325929023154,3.0,-115.0,28.0,7.975655528160924,82
train_v2_status,progress_quartile,"(-0.001, 32.0]",19133,start_total_in_courses,total_reg_credits,19133,0.6722586871023732,0.8099035400201334,6190,6190,32.35248000836252,-15.859457481837662,-12.0,-360.0,9.0,18.460646732840214,153
train_v2_status,progress_quartile,"(-0.001, 32.0]",19133,start_total_in_courses,total_reg_courses,19133,0.7003611604676548,0.828983217426428,9564,9564,49.986933570271255,-2.837505879893378,0.0,-115.0,10.0,5.499623681747868,74
train_v2_status,progress_quartile,"(-0.001, 32.0]",19133,total_reg_credits,total_reg_courses,19133,0.9861702297213716,0.9825155712653763,6186,6186,32.33157372079653,13.021951601944284,11.0,0.0,245.0,13.583714122994667,115
train_v2_status,progress_quartile,"(126.0, 250.0]",18523,start_total_in_credits,start_total_in_courses,18523,0.38296270785359987,0.4850502505678504,0,0,0.0,108.54507909086001,100.0,71.0,187.0,26.48376635009335,177
train_v2_status,progress_quartile,"(126.0, 250.0]",18523,start_total_in_credits,total_reg_credits,18523,0.6063254395475044,0.6351116193723138,1866,1866,10.073962101171515,-32.97527398369594,-19.0,-291.0,103.0,45.37101053646381,556
train_v2_status,progress_quartile,"(126.0, 250.0]",18523,start_total_in_credits,total_reg_courses,18523,0.23357604852616162,0.32032088477105436,0,0,0.0,97.66217675322572,92.0,-16.0,192.0,30.378127397495277,329
train_v2_status,progress_quartile,"(126.0, 250.0]",18523,start_total_in_courses,total_reg_credits,18523,0.23821903127210728,0.30758656660039396,1,1,0.005398693516169087,-141.52035307455597,-128.0,-433.0,9.0,55.13215333576041,666
train_v2_status,progress_quartile,"(126.0, 250.0]",18523,start_total_in_courses,total_reg_courses,18523,0.5985769894712829,0.6729079664759468,2002,2002,10.808184419370512,-10.882902337634292,-6.0,-105.0,35.0,15.2596485453282,131
train_v2_status,progress_quartile,"(126.0, 250.0]",18523,total_reg_credits,total_reg_courses,18523,0.7694269668145945,0.7361285378624547,0,0,0.0,130.63745073692166,120.0,26.0,367.0,43.76767204466143,536
train_v2_status,progress_quartile,"(32.0, 74.0]",18466,start_total_in_credits,start_total_in_courses,18466,0.9101403508048436,0.9160440458287883,0,0,0.0,33.41690133217806,33.0,18.0,54.0,8.148779800956387,39
train_v2_status,progress_quartile,"(32.0, 74.0]",18466,start_total_in_credits,total_reg_credits,18466,0.4672442519202727,0.5957093477324531,4111,4111,22.262536553666198,-16.501110148380807,-7.0,-245.0,59.0,28.89849011563667,257
train_v2_status,progress_quartile,"(32.0, 74.0]",18466,start_total_in_credits,total_reg_courses,18466,0.45091342400616075,0.5691882378860079,45,45,0.24369110798223761,27.680033575219323,28.0,-59.0,68.0,12.848948995907847,125
train_v2_status,progress_quartile,"(32.0, 74.0]",18466,start_total_in_courses,total_reg_credits,18466,0.4418744588023566,0.5580457188458224,29,29,0.15704538069966426,-49.91801148055887,-43.0,-288.0,15.0,30.667904767901078,255
train_v2_status,progress_quartile,"(32.0, 74.0]",18466,start_total_in_courses,total_reg_courses,18466,0.5180207307064385,0.6367590715929108,4318,4318,23.38351565038449,-5.736867756958735,-2.0,-89.0,21.0,10.461489059423196,103
train_v2_status,progress_quartile,"(32.0, 74.0]",18466,total_reg_credits,total_reg_courses,18466,0.9680020942725025,0.9570397732141372,0,0,0.0,44.18114372360013,41.0,5.0,206.0,21.01059404774356,171
train_v2_status,progress_quartile,"(74.0, 126.0]",18954,start_total_in_credits,start_total_in_courses,18954,0.803018498366211,0.8096576607666334,0,0,0.0,63.47934472934473,63.0,42.0,91.5,10.28200263012378,84
train_v2_status,progress_quartile,"(74.0, 126.0]",18954,start_total_in_credits,total_reg_credits,18954,0.400474088484277,0.519308971613213,2630,2630,13.875699060884248,-24.233117020154058,-12.0,-291.0,100.0,37.88859526228876,374
train_v2_status,progress_quartile,"(74.0, 126.0]",18954,start_total_in_credits,total_reg_courses,18954,0.37742840263294253,0.46549029515739293,20,20,0.10551862403714254,55.024506700432624,56.0,-42.0,119.0,17.21566251583443,208
train_v2_status,progress_quartile,"(74.0, 126.0]",18954,start_total_in_courses,total_reg_credits,18954,0.34894387750417677,0.4391516898469043,3,3,0.015827793605571384,-87.71246174949879,-78.0,-371.0,24.0,39.46275755999773,447
train_v2_status,progress_quartile,"(74.0, 126.0]",18954,start_total_in_courses,total_reg_courses,18954,0.5175040628177251,0.6149242607990844,2851,2851,15.041679856494671,-8.454838028912103,-4.0,-98.0,33.0,13.711031831618518,125
train_v2_status,progress_quartile,"(74.0, 126.0]",18954,total_reg_credits,total_reg_courses,18954,0.9399048373068573,0.9089075417858062,0,0,0.0,79.25762372058668,74.0,6.0,273.0,26.893299647791192,326
